

econ-mahindas
                 type  noise iteration    accuracy   ci_lower    ci_upper     avg acc
0            Original      0         1  100.000000       None        None  100.000000
18           Original      0         2  100.000000       None        None  100.000000
36           Original      0         3  100.000000       None        None  100.000000
54           Original      0         4  100.000000       None        None  100.000000
72           Original      0         5  100.000000       None        None  100.000000
1            Original      5         1   98.489666  97.737934   98.510079   98.124006
19           Original      5         2   97.933227  97.737934   98.510079   98.124006
37           Original      5         3   97.774245  97.737934   98.510079   98.124006
55           Original      5         4   98.012719  97.737934   98.510079   98.124006
73           Original      5         5   98.410175  97.737934   98.510079   98.124006
2            Original     10         1   95.071542  94.981337   96.815166   95.898251
20           Original     10         2   97.058824  94.981337   96.815166   95.898251
38           Original     10         3   96.025437  94.981337   96.815166   95.898251
56           Original     10         4   95.548490  94.981337   96.815166   95.898251
74           Original     10         5   95.786963  94.981337   96.815166   95.898251
3            Original     15         1   91.732909  91.830127   95.451272   93.640700
21           Original     15         2   92.607313  91.830127   95.451272   93.640700
39           Original     15         3   94.594595  91.830127   95.451272   93.640700
57           Original     15         4   93.958665  91.830127   95.451272   93.640700
75           Original     15         5   95.310016  91.830127   95.451272   93.640700
4            Original     20         1   91.176471  88.078685   93.065989   90.572337
22           Original     20         2   89.745628  88.078685   93.065989   90.572337
40           Original     20         3   93.322734  88.078685   93.065989   90.572337
58           Original     20         4   87.837838  88.078685   93.065989   90.572337
76           Original     20         5   90.779014  88.078685   93.065989   90.572337
5            Original     25         1   85.612083  83.457361   89.992559   86.724960
23           Original     25         2   87.599364  83.457361   89.992559   86.724960
41           Original     25         3   84.896661  83.457361   89.992559   86.724960
59           Original     25         4   90.937997  83.457361   89.992559   86.724960
77           Original     25         5   84.578696  83.457361   89.992559   86.724960
12    Proposed w. PCA      0         1  100.000000       None        None  100.000000
30    Proposed w. PCA      0         2  100.000000       None        None  100.000000
48    Proposed w. PCA      0         3  100.000000       None        None  100.000000
66    Proposed w. PCA      0         4  100.000000       None        None  100.000000
84    Proposed w. PCA      0         5  100.000000       None        None  100.000000
13    Proposed w. PCA      5         1  100.000000  99.879922  100.056485   99.968203
31    Proposed w. PCA      5         2   99.841017  99.879922  100.056485   99.968203
49    Proposed w. PCA      5         3  100.000000  99.879922  100.056485   99.968203
67    Proposed w. PCA      5         4  100.000000  99.879922  100.056485   99.968203
85    Proposed w. PCA      5         5  100.000000  99.879922  100.056485   99.968203
14    Proposed w. PCA     10         1  100.000000  99.519689  100.225939   99.872814
32    Proposed w. PCA     10         2  100.000000  99.519689  100.225939   99.872814
50    Proposed w. PCA     10         3  100.000000  99.519689  100.225939   99.872814
68    Proposed w. PCA     10         4   99.364070  99.519689  100.225939   99.872814
86    Proposed w. PCA     10         5  100.000000  99.519689  100.225939   99.872814
15    Proposed w. PCA     15         1   99.682035  99.707655  100.037973   99.872814
33    Proposed w. PCA     15         2   99.841017  99.707655  100.037973   99.872814
51    Proposed w. PCA     15         3   99.841017  99.707655  100.037973   99.872814
69    Proposed w. PCA     15         4  100.000000  99.707655  100.037973   99.872814
87    Proposed w. PCA     15         5  100.000000  99.707655  100.037973   99.872814
16    Proposed w. PCA     20         1   98.966614  99.052699    99.96161   99.507154
34    Proposed w. PCA     20         2   99.523052  99.052699    99.96161   99.507154
52    Proposed w. PCA     20         3  100.000000  99.052699    99.96161   99.507154
70    Proposed w. PCA     20         4   99.523052  99.052699    99.96161   99.507154
88    Proposed w. PCA     20         5   99.523052  99.052699    99.96161   99.507154
17    Proposed w. PCA     25         1   99.205087  98.453956   99.352085   98.903021
35    Proposed w. PCA     25         2   98.966614  98.453956   99.352085   98.903021
53    Proposed w. PCA     25         3   98.569157  98.453956   99.352085   98.903021
71    Proposed w. PCA     25         4   99.284579  98.453956   99.352085   98.903021
89    Proposed w. PCA     25         5   98.489666  98.453956   99.352085   98.903021
6   Proposed w. fixed      0         1  100.000000       None        None  100.000000
24  Proposed w. fixed      0         2  100.000000       None        None  100.000000
42  Proposed w. fixed      0         3  100.000000       None        None  100.000000
60  Proposed w. fixed      0         4  100.000000       None        None  100.000000
78  Proposed w. fixed      0         5  100.000000       None        None  100.000000
7   Proposed w. fixed      5         1  100.000000  99.879922  100.056485   99.968203
25  Proposed w. fixed      5         2   99.841017  99.879922  100.056485   99.968203
43  Proposed w. fixed      5         3  100.000000  99.879922  100.056485   99.968203
61  Proposed w. fixed      5         4  100.000000  99.879922  100.056485   99.968203
79  Proposed w. fixed      5         5  100.000000  99.879922  100.056485   99.968203
8   Proposed w. fixed     10         1  100.000000  99.519689  100.225939   99.872814
26  Proposed w. fixed     10         2  100.000000  99.519689  100.225939   99.872814
44  Proposed w. fixed     10         3  100.000000  99.519689  100.225939   99.872814
62  Proposed w. fixed     10         4   99.364070  99.519689  100.225939   99.872814
80  Proposed w. fixed     10         5  100.000000  99.519689  100.225939   99.872814
9   Proposed w. fixed     15         1   99.841017  99.796488  100.012732   99.904610
27  Proposed w. fixed     15         2   99.841017  99.796488  100.012732   99.904610
45  Proposed w. fixed     15         3   99.841017  99.796488  100.012732   99.904610
63  Proposed w. fixed     15         4  100.000000  99.796488  100.012732   99.904610
81  Proposed w. fixed     15         5  100.000000  99.796488  100.012732   99.904610
10  Proposed w. fixed     20         1   99.205087  99.253581   99.951506   99.602544
28  Proposed w. fixed     20         2   99.602544  99.253581   99.951506   99.602544
46  Proposed w. fixed     20         3  100.000000  99.253581   99.951506   99.602544
64  Proposed w. fixed     20         4   99.602544  99.253581   99.951506   99.602544
82  Proposed w. fixed     20         5   99.602544  99.253581   99.951506   99.602544
11  Proposed w. fixed     25         1   99.364070  98.324095   99.291167   98.807631
29  Proposed w. fixed     25         2   99.046105  98.324095   99.291167   98.807631
47  Proposed w. fixed     25         3   98.569157  98.324095   99.291167   98.807631
65  Proposed w. fixed     25         4   98.648649  98.324095   99.291167   98.807631
83  Proposed w. fixed     25         5   98.410175  98.324095   99.291167   98.807631