

inf-power
                 type  noise iteration   accuracy   ci_lower   ci_upper    avg acc
0            Original      0         1  91.054442  90.144097  91.479056  90.811577
18           Original      0         2  91.519935  90.144097  91.479056  90.811577
36           Original      0         3  90.224651  90.144097  91.479056  90.811577
54           Original      0         4  90.325845  90.144097  91.479056  90.811577
72           Original      0         5  90.933010  90.144097  91.479056  90.811577
1            Original      5         1  69.034608  62.528434  68.635298  65.581866
19           Original      5         2  63.651083  62.528434  68.635298  65.581866
37           Original      5         3  64.399919  62.528434  68.635298  65.581866
55           Original      5         4  63.529650  62.528434  68.635298  65.581866
73           Original      5         5  67.294070  62.528434  68.635298  65.581866
2            Original     10         1  40.194293  39.965322  45.264388  42.614855
20           Original     10         2  45.982595  39.965322  45.264388  42.614855
38           Original     10         3  42.278891  39.965322  45.264388  42.614855
56           Original     10         4  41.712204  39.965322  45.264388  42.614855
74           Original     10         5  42.906294  39.965322  45.264388  42.614855
3            Original     15         1  28.152196  22.406021  28.927718  25.666869
21           Original     15         2  24.549686  22.406021  28.927718  25.666869
39           Original     15         3  22.788909  22.406021  28.927718  25.666869
57           Original     15         4  24.104432  22.406021  28.927718  25.666869
75           Original     15         5  28.739122  22.406021  28.927718  25.666869
4            Original     20         1  11.738514  12.451510  16.951445  14.701477
22           Original     20         2  16.514876  12.451510  16.951445  14.701477
40           Original     20         3  14.835054  12.451510  16.951445  14.701477
58           Original     20         4  15.725562  12.451510  16.951445  14.701477
76           Original     20         5  14.693382  12.451510  16.951445  14.701477
5            Original     25         1   7.994333   7.173639   9.851255   8.512447
23           Original     25         2  10.119409   7.173639   9.851255   8.512447
41           Original     25         3   8.014572   7.173639   9.851255   8.512447
59           Original     25         4   7.387169   7.173639   9.851255   8.512447
77           Original     25         5   9.046752   7.173639   9.851255   8.512447
12    Proposed w. PCA      0         1  91.175875  90.067052  91.426573  90.746812
30    Proposed w. PCA      0         2  91.358025  90.067052  91.426573  90.746812
48    Proposed w. PCA      0         3  90.163934  90.067052  91.426573  90.746812
66    Proposed w. PCA      0         4  90.204412  90.067052  91.426573  90.746812
84    Proposed w. PCA      0         5  90.831815  90.067052  91.426573  90.746812
13    Proposed w. PCA      5         1  87.957903  85.745733  88.348580  87.047156
31    Proposed w. PCA      5         2  86.986440  85.745733  88.348580  87.047156
49    Proposed w. PCA      5         3  85.326857  85.745733  88.348580  87.047156
67    Proposed w. PCA      5         4  87.816232  85.745733  88.348580  87.047156
85    Proposed w. PCA      5         5  87.148351  85.745733  88.348580  87.047156
14    Proposed w. PCA     10         1  79.295689  76.839570  80.424142  78.631856
32    Proposed w. PCA     10         2  76.239628  76.839570  80.424142  78.631856
50    Proposed w. PCA     10         3  78.971868  76.839570  80.424142  78.631856
68    Proposed w. PCA     10         4  78.587330  76.839570  80.424142  78.631856
86    Proposed w. PCA     10         5  80.064764  76.839570  80.424142  78.631856
15    Proposed w. PCA     15         1  62.639142  55.828376  64.357821  60.093099
33    Proposed w. PCA     15         2  55.656750  55.828376  64.357821  60.093099
51    Proposed w. PCA     15         3  57.640154  55.828376  64.357821  60.093099
69    Proposed w. PCA     15         4  60.595021  55.828376  64.357821  60.093099
87    Proposed w. PCA     15         5  63.934426  55.828376  64.357821  60.093099
16    Proposed w. PCA     20         1  37.887067  38.532139  47.239972  42.886055
34    Proposed w. PCA     20         2  41.226472  38.532139  47.239972  42.886055
52    Proposed w. PCA     20         3  47.075491  38.532139  47.239972  42.886055
70    Proposed w. PCA     20         4  43.472981  38.532139  47.239972  42.886055
88    Proposed w. PCA     20         5  44.768266  38.532139  47.239972  42.886055
17    Proposed w. PCA     25         1  24.873507  19.866440  26.609982  23.238211
35    Proposed w. PCA     25         2  27.241449  19.866440  26.609982  23.238211
53    Proposed w. PCA     25         3  21.392431  19.866440  26.609982  23.238211
71    Proposed w. PCA     25         4  21.655535  19.866440  26.609982  23.238211
89    Proposed w. PCA     25         5  21.028132  19.866440  26.609982  23.238211
6   Proposed w. fixed      0         1  91.175875  90.140665  91.474393  90.807529
24  Proposed w. fixed      0         2  91.519935  90.140665  91.474393  90.807529
42  Proposed w. fixed      0         3  90.325845  90.140665  91.474393  90.807529
60  Proposed w. fixed      0         4  90.285367  90.140665  91.474393  90.807529
78  Proposed w. fixed      0         5  90.730621  90.140665  91.474393  90.807529
7   Proposed w. fixed      5         1  88.119814  85.249355  88.683047  86.966201
25  Proposed w. fixed      5         2  88.261486  85.249355  88.683047  86.966201
43  Proposed w. fixed      5         3  84.861364  85.249355  88.683047  86.966201
61  Proposed w. fixed      5         4  87.067395  85.249355  88.683047  86.966201
79  Proposed w. fixed      5         5  86.520947  85.249355  88.683047  86.966201
8   Proposed w. fixed     10         1  80.226675  77.993249  80.760040  79.376644
26  Proposed w. fixed     10         2  80.752884  77.993249  80.760040  79.376644
44  Proposed w. fixed     10         3  78.303987  77.993249  80.760040  79.376644
62  Proposed w. fixed     10         4  78.283748  77.993249  80.760040  79.376644
80  Proposed w. fixed     10         5  79.315928  77.993249  80.760040  79.376644
9   Proposed w. fixed     15         1  65.492815  57.903966  68.264826  63.084396
27  Proposed w. fixed     15         2  64.298725  57.903966  68.264826  63.084396
45  Proposed w. fixed     15         3  61.971261  57.903966  68.264826  63.084396
63  Proposed w. fixed     15         4  56.446064  57.903966  68.264826  63.084396
81  Proposed w. fixed     15         5  67.213115  57.903966  68.264826  63.084396
10  Proposed w. fixed     20         1  39.607367  38.022561  51.513970  44.768266
28  Proposed w. fixed     20         2  41.995547  38.022561  51.513970  44.768266
46  Proposed w. fixed     20         3  52.863793  38.022561  51.513970  44.768266
64  Proposed w. fixed     20         4  47.702894  38.022561  51.513970  44.768266
82  Proposed w. fixed     20         5  41.671726  38.022561  51.513970  44.768266
11  Proposed w. fixed     25         1  26.836673  20.538965  28.803273  24.671119
29  Proposed w. fixed     25         2  28.051002  20.538965  28.803273  24.671119
47  Proposed w. fixed     25         3  24.408015  20.538965  28.803273  24.671119
65  Proposed w. fixed     25         4  19.368549  20.538965  28.803273  24.671119
83  Proposed w. fixed     25         5  24.691358  20.538965  28.803273  24.671119

ia-crime-moreno
                 type  noise iteration   accuracy   ci_lower   ci_upper    avg acc
0            Original      0         1  91.676719  90.175194  93.178244  91.676719
18           Original      0         2  89.746683  90.175194  93.178244  91.676719
36           Original      0         3  91.676719  90.175194  93.178244  91.676719
54           Original      0         4  93.003619  90.175194  93.178244  91.676719
72           Original      0         5  92.279855  90.175194  93.178244  91.676719
1            Original      5         1  90.832328  89.705597  90.994041  90.349819
19           Original      5         2  89.626055  89.705597  90.994041  90.349819
37           Original      5         3  90.711701  89.705597  90.994041  90.349819
55           Original      5         4  90.591074  89.705597  90.994041  90.349819
73           Original      5         5  89.987937  89.705597  90.994041  90.349819
2            Original     10         1  88.540410  87.236340  89.747979  88.492159
20           Original     10         2  89.746683  87.236340  89.747979  88.492159
38           Original     10         3  88.902292  87.236340  89.747979  88.492159
56           Original     10         4  88.299156  87.236340  89.747979  88.492159
74           Original     10         5  86.972256  87.236340  89.747979  88.492159
3            Original     15         1  85.645356  81.639671  87.769255  84.704463
21           Original     15         2  87.696019  81.639671  87.769255  84.704463
39           Original     15         3  85.042220  81.639671  87.769255  84.704463
57           Original     15         4  84.197829  81.639671  87.769255  84.704463
75           Original     15         5  80.940893  81.639671  87.769255  84.704463
4            Original     20         1  80.096502  52.115253  84.434808  68.275030
22           Original     20         2  57.659831  52.115253  84.434808  68.275030
40           Original     20         3  51.145959  52.115253  84.434808  68.275030
58           Original     20         4  77.804584  52.115253  84.434808  68.275030
76           Original     20         5  74.668275  52.115253  84.434808  68.275030
5            Original     25         1  55.488540  52.887081  64.796876  58.841978
23           Original     25         2  55.850422  52.887081  64.796876  58.841978
41           Original     25         3  67.068758  52.887081  64.796876  58.841978
59           Original     25         4  58.986731  52.887081  64.796876  58.841978
77           Original     25         5  56.815440  52.887081  64.796876  58.841978
12    Proposed w. PCA      0         1  91.797346  90.220384  93.181305  91.700844
30    Proposed w. PCA      0         2  89.746683  90.220384  93.181305  91.700844
48    Proposed w. PCA      0         3  92.038601  90.220384  93.181305  91.700844
66    Proposed w. PCA      0         4  93.003619  90.220384  93.181305  91.700844
84    Proposed w. PCA      0         5  91.917973  90.220384  93.181305  91.700844
13    Proposed w. PCA      5         1  91.073583  90.331053  91.864363  91.097708
31    Proposed w. PCA      5         2  90.832328  90.331053  91.864363  91.097708
49    Proposed w. PCA      5         3  91.194210  90.331053  91.864363  91.097708
67    Proposed w. PCA      5         4  92.038601  90.331053  91.864363  91.097708
85    Proposed w. PCA      5         5  90.349819  90.331053  91.864363  91.097708
14    Proposed w. PCA     10         1  91.314837  90.105688  91.365965  90.735826
32    Proposed w. PCA     10         2  90.591074  90.105688  91.365965  90.735826
50    Proposed w. PCA     10         3  90.711701  90.105688  91.365965  90.735826
68    Proposed w. PCA     10         4  91.073583  90.105688  91.365965  90.735826
86    Proposed w. PCA     10         5  89.987937  90.105688  91.365965  90.735826
15    Proposed w. PCA     15         1  89.505428  88.831836  90.227271  89.529554
33    Proposed w. PCA     15         2  90.349819  88.831836  90.227271  89.529554
51    Proposed w. PCA     15         3  89.384801  88.831836  90.227271  89.529554
69    Proposed w. PCA     15         4  88.781665  88.831836  90.227271  89.529554
87    Proposed w. PCA     15         5  89.626055  88.831836  90.227271  89.529554
16    Proposed w. PCA     20         1  90.108565  82.465179  89.356293  85.910736
34    Proposed w. PCA     20         2  83.353438  82.465179  89.356293  85.910736
52    Proposed w. PCA     20         3  83.594692  82.465179  89.356293  85.910736
70    Proposed w. PCA     20         4  86.972256  82.465179  89.356293  85.910736
88    Proposed w. PCA     20         5  85.524729  82.465179  89.356293  85.910736
17    Proposed w. PCA     25         1  77.925211  73.868357  81.017047  77.442702
35    Proposed w. PCA     25         2  79.734620  73.868357  81.017047  77.442702
53    Proposed w. PCA     25         3  74.065139  73.868357  81.017047  77.442702
71    Proposed w. PCA     25         4  80.579011  73.868357  81.017047  77.442702
89    Proposed w. PCA     25         5  74.909530  73.868357  81.017047  77.442702
6   Proposed w. fixed      0         1  91.435464  90.160327  93.193111  91.676719
24  Proposed w. fixed      0         2  89.746683  90.160327  93.193111  91.676719
42  Proposed w. fixed      0         3  91.917973  90.160327  93.193111  91.676719
60  Proposed w. fixed      0         4  93.003619  90.160327  93.193111  91.676719
78  Proposed w. fixed      0         5  92.279855  90.160327  93.193111  91.676719
7   Proposed w. fixed      5         1  90.952955  90.567237  91.772931  91.170084
25  Proposed w. fixed      5         2  91.194210  90.567237  91.772931  91.170084
43  Proposed w. fixed      5         3  91.194210  90.567237  91.772931  91.170084
61  Proposed w. fixed      5         4  91.917973  90.567237  91.772931  91.170084
79  Proposed w. fixed      5         5  90.591074  90.567237  91.772931  91.170084
8   Proposed w. fixed     10         1  91.435464  90.083791  91.677367  90.880579
26  Proposed w. fixed     10         2  90.832328  90.083791  91.677367  90.880579
44  Proposed w. fixed     10         3  90.832328  90.083791  91.677367  90.880579
62  Proposed w. fixed     10         4  91.435464  90.083791  91.677367  90.880579
80  Proposed w. fixed     10         5  89.867310  90.083791  91.677367  90.880579
9   Proposed w. fixed     15         1  89.746683  89.228541  90.361326  89.794934
27  Proposed w. fixed     15         2  90.591074  89.228541  90.361326  89.794934
45  Proposed w. fixed     15         3  89.505428  89.228541  90.361326  89.794934
63  Proposed w. fixed     15         4  89.505428  89.228541  90.361326  89.794934
81  Proposed w. fixed     15         5  89.626055  89.228541  90.361326  89.794934
10  Proposed w. fixed     20         1  89.264174  79.950433  89.796250  84.873341
28  Proposed w. fixed     20         2  82.991556  79.950433  89.796250  84.873341
46  Proposed w. fixed     20         3  79.131484  79.950433  89.796250  84.873341
64  Proposed w. fixed     20         4  87.454765  79.950433  89.796250  84.873341
82  Proposed w. fixed     20         5  85.524729  79.950433  89.796250  84.873341
11  Proposed w. fixed     25         1  78.166466  77.934154  81.245581  79.589867
29  Proposed w. fixed     25         2  80.579011  77.934154  81.245581  79.589867
47  Proposed w. fixed     25         3  78.528347  77.934154  81.245581  79.589867
65  Proposed w. fixed     25         4  81.302774  77.934154  81.245581  79.589867
83  Proposed w. fixed     25         5  79.372738  77.934154  81.245581  79.589867

power-685-bus
                 type  noise iteration   accuracy   ci_lower   ci_upper    avg acc
0            Original      0         1  97.956204  97.807130  98.455643  98.131387
18           Original      0         2  97.956204  97.807130  98.455643  98.131387
36           Original      0         3  97.956204  97.807130  98.455643  98.131387
54           Original      0         4  98.248175  97.807130  98.455643  98.131387
72           Original      0         5  98.540146  97.807130  98.455643  98.131387
1            Original      5         1  91.094891  88.430134  97.613662  93.021898
19           Original      5         2  87.737226  88.430134  97.613662  93.021898
37           Original      5         3  97.226277  88.430134  97.613662  93.021898
55           Original      5         4  95.182482  88.430134  97.613662  93.021898
73           Original      5         5  93.868613  88.430134  97.613662  93.021898
2            Original     10         1  52.700730  56.500799  75.703580  66.102190
20           Original     10         2  68.759124  56.500799  75.703580  66.102190
38           Original     10         3  72.116788  56.500799  75.703580  66.102190
56           Original     10         4  70.072993  56.500799  75.703580  66.102190
74           Original     10         5  66.861314  56.500799  75.703580  66.102190
3            Original     15         1  19.270073   5.889326  53.847900  29.868613
21           Original     15         2  50.072993   5.889326  53.847900  29.868613
39           Original     15         3   4.671533   5.889326  53.847900  29.868613
57           Original     15         4  48.029197   5.889326  53.847900  29.868613
75           Original     15         5  27.299270   5.889326  53.847900  29.868613
4            Original     20         1  20.437956   6.695725  25.537852  16.116788
22           Original     20         2  26.277372   6.695725  25.537852  16.116788
40           Original     20         3   8.613139   6.695725  25.537852  16.116788
58           Original     20         4  16.350365   6.695725  25.537852  16.116788
76           Original     20         5   8.905109   6.695725  25.537852  16.116788
5            Original     25         1  14.014599   3.415639  13.693850   8.554745
23           Original     25         2   7.007299   3.415639  13.693850   8.554745
41           Original     25         3   5.985401   3.415639  13.693850   8.554745
59           Original     25         4  11.678832   3.415639  13.693850   8.554745
77           Original     25         5   4.087591   3.415639  13.693850   8.554745
12    Proposed w. PCA      0         1  97.956204  97.807130  98.455643  98.131387
30    Proposed w. PCA      0         2  97.956204  97.807130  98.455643  98.131387
48    Proposed w. PCA      0         3  97.956204  97.807130  98.455643  98.131387
66    Proposed w. PCA      0         4  98.248175  97.807130  98.455643  98.131387
84    Proposed w. PCA      0         5  98.540146  97.807130  98.455643  98.131387
13    Proposed w. PCA      5         1  94.598540  95.224249  98.293999  96.759124
31    Proposed w. PCA      5         2  97.226277  95.224249  98.293999  96.759124
49    Proposed w. PCA      5         3  97.372263  95.224249  98.293999  96.759124
67    Proposed w. PCA      5         4  97.664234  95.224249  98.293999  96.759124
85    Proposed w. PCA      5         5  96.934307  95.224249  98.293999  96.759124
14    Proposed w. PCA     10         1  78.394161  77.072955  89.875950  83.474453
32    Proposed w. PCA     10         2  84.817518  77.072955  89.875950  83.474453
50    Proposed w. PCA     10         3  78.102190  77.072955  89.875950  83.474453
68    Proposed w. PCA     10         4  85.985401  77.072955  89.875950  83.474453
86    Proposed w. PCA     10         5  90.072993  77.072955  89.875950  83.474453
15    Proposed w. PCA     15         1  49.927007  33.741689  63.484589  48.613139
33    Proposed w. PCA     15         2  60.729927  33.741689  63.484589  48.613139
51    Proposed w. PCA     15         3  33.284672  33.741689  63.484589  48.613139
69    Proposed w. PCA     15         4  59.270073  33.741689  63.484589  48.613139
87    Proposed w. PCA     15         5  39.854015  33.741689  63.484589  48.613139
16    Proposed w. PCA     20         1  43.649635  26.204663  44.861031  35.532847
34    Proposed w. PCA     20         2  23.503650  26.204663  44.861031  35.532847
52    Proposed w. PCA     20         3  39.416058  26.204663  44.861031  35.532847
70    Proposed w. PCA     20         4  35.766423  26.204663  44.861031  35.532847
88    Proposed w. PCA     20         5  35.328467  26.204663  44.861031  35.532847
17    Proposed w. PCA     25         1  24.525547  12.808286  24.797553  18.802920
35    Proposed w. PCA     25         2  13.430657  12.808286  24.797553  18.802920
53    Proposed w. PCA     25         3  20.291971  12.808286  24.797553  18.802920
71    Proposed w. PCA     25         4  14.160584  12.808286  24.797553  18.802920
89    Proposed w. PCA     25         5  21.605839  12.808286  24.797553  18.802920
6   Proposed w. fixed      0         1  97.956204  97.807130  98.455643  98.131387
24  Proposed w. fixed      0         2  97.956204  97.807130  98.455643  98.131387
42  Proposed w. fixed      0         3  97.956204  97.807130  98.455643  98.131387
60  Proposed w. fixed      0         4  98.248175  97.807130  98.455643  98.131387
78  Proposed w. fixed      0         5  98.540146  97.807130  98.455643  98.131387
7   Proposed w. fixed      5         1  95.328467  94.014549  97.343116  95.678832
25  Proposed w. fixed      5         2  93.722628  94.014549  97.343116  95.678832
43  Proposed w. fixed      5         3  97.080292  94.014549  97.343116  95.678832
61  Proposed w. fixed      5         4  95.474453  94.014549  97.343116  95.678832
79  Proposed w. fixed      5         5  96.788321  94.014549  97.343116  95.678832
8   Proposed w. fixed     10         1  48.613139  51.287851  71.690251  61.489051
26  Proposed w. fixed     10         2  59.416058  51.287851  71.690251  61.489051
44  Proposed w. fixed     10         3  62.481752  51.287851  71.690251  61.489051
62  Proposed w. fixed     10         4  69.343066  51.287851  71.690251  61.489051
80  Proposed w. fixed     10         5  67.591241  51.287851  71.690251  61.489051
9   Proposed w. fixed     15         1  25.255474  12.281421  38.229528  25.255474
27  Proposed w. fixed     15         2  38.248175  12.281421  38.229528  25.255474
45  Proposed w. fixed     15         3  11.386861  12.281421  38.229528  25.255474
63  Proposed w. fixed     15         4  31.824818  12.281421  38.229528  25.255474
81  Proposed w. fixed     15         5  19.562044  12.281421  38.229528  25.255474
10  Proposed w. fixed     20         1  20.729927   5.620060  23.810597  14.715328
28  Proposed w. fixed     20         2   5.693431   5.620060  23.810597  14.715328
46  Proposed w. fixed     20         3  23.065693   5.620060  23.810597  14.715328
64  Proposed w. fixed     20         4   9.489051   5.620060  23.810597  14.715328
82  Proposed w. fixed     20         5  14.598540   5.620060  23.810597  14.715328
11  Proposed w. fixed     25         1  13.284672   5.945136  15.193550  10.569343
29  Proposed w. fixed     25         2   8.759124   5.945136  15.193550  10.569343
47  Proposed w. fixed     25         3   5.985401   5.945136  15.193550  10.569343
65  Proposed w. fixed     25         4   9.489051   5.945136  15.193550  10.569343
83  Proposed w. fixed     25         5  15.328467   5.945136  15.193550  10.569343

socfb-Bowdoin47
                 type  noise iteration   accuracy   ci_lower   ci_upper    avg acc
0            Original      0         1  99.777975  99.703477  99.887997  99.795737
18           Original      0         2  99.911190  99.703477  99.887997  99.795737
36           Original      0         3  99.733570  99.703477  99.887997  99.795737
54           Original      0         4  99.822380  99.703477  99.887997  99.795737
72           Original      0         5  99.733570  99.703477  99.887997  99.795737
1            Original      5         1  84.058615  83.802335  86.428571  85.115453
19           Original      5         2  85.124334  83.802335  86.428571  85.115453
37           Original      5         3  86.722913  83.802335  86.428571  85.115453
55           Original      5         4  84.280639  83.802335  86.428571  85.115453
73           Original      5         5  85.390764  83.802335  86.428571  85.115453
2            Original     10         1  46.714032  45.491465  48.700365  47.095915
20           Original     10         2  46.714032  45.491465  48.700365  47.095915
38           Original     10         3  46.447602  45.491465  48.700365  47.095915
56           Original     10         4  46.225577  45.491465  48.700365  47.095915
74           Original     10         5  49.378330  45.491465  48.700365  47.095915
3            Original     15         1  30.195382  27.700368  30.221479  28.960924
21           Original     15         2  27.575488  27.700368  30.221479  28.960924
39           Original     15         3  29.618117  27.700368  30.221479  28.960924
57           Original     15         4  28.952043  27.700368  30.221479  28.960924
75           Original     15         5  28.463588  27.700368  30.221479  28.960924
4            Original     20         1  24.289520  23.045770  24.947125  23.996448
22           Original     20         2  25.088810  23.045770  24.947125  23.996448
40           Original     20         3  23.801066  23.045770  24.947125  23.996448
58           Original     20         4  23.801066  23.045770  24.947125  23.996448
76           Original     20         5  23.001776  23.045770  24.947125  23.996448
5            Original     25         1  21.714032  20.113780  22.550519  21.332149
23           Original     25         2  21.536412  20.113780  22.550519  21.332149
41           Original     25         3  22.468917  20.113780  22.550519  21.332149
59           Original     25         4  19.804618  20.113780  22.550519  21.332149
77           Original     25         5  21.136767  20.113780  22.550519  21.332149
12    Proposed w. PCA      0         1  99.777975  99.703477  99.887997  99.795737
30    Proposed w. PCA      0         2  99.911190  99.703477  99.887997  99.795737
48    Proposed w. PCA      0         3  99.733570  99.703477  99.887997  99.795737
66    Proposed w. PCA      0         4  99.822380  99.703477  99.887997  99.795737
84    Proposed w. PCA      0         5  99.733570  99.703477  99.887997  99.795737
13    Proposed w. PCA      5         1  99.822380  99.596653  99.923773  99.760213
31    Proposed w. PCA      5         2  99.555950  99.596653  99.923773  99.760213
49    Proposed w. PCA      5         3  99.733570  99.596653  99.923773  99.760213
67    Proposed w. PCA      5         4  99.911190  99.596653  99.923773  99.760213
85    Proposed w. PCA      5         5  99.777975  99.596653  99.923773  99.760213
14    Proposed w. PCA     10         1  99.822380  99.642920  99.913030  99.777975
32    Proposed w. PCA     10         2  99.689165  99.642920  99.913030  99.777975
50    Proposed w. PCA     10         3  99.822380  99.642920  99.913030  99.777975
68    Proposed w. PCA     10         4  99.644760  99.642920  99.913030  99.777975
86    Proposed w. PCA     10         5  99.911190  99.642920  99.913030  99.777975
15    Proposed w. PCA     15         1  99.555950  99.598960  99.850419  99.724689
33    Proposed w. PCA     15         2  99.822380  99.598960  99.850419  99.724689
51    Proposed w. PCA     15         3  99.777975  99.598960  99.850419  99.724689
69    Proposed w. PCA     15         4  99.733570  99.598960  99.850419  99.724689
87    Proposed w. PCA     15         5  99.733570  99.598960  99.850419  99.724689
16    Proposed w. PCA     20         1  99.600355  99.503785  99.732450  99.618117
34    Proposed w. PCA     20         2  99.555950  99.503785  99.732450  99.618117
52    Proposed w. PCA     20         3  99.511545  99.503785  99.732450  99.618117
70    Proposed w. PCA     20         4  99.689165  99.503785  99.732450  99.618117
88    Proposed w. PCA     20         5  99.733570  99.503785  99.732450  99.618117
17    Proposed w. PCA     25         1  99.511545  99.346755  99.836194  99.591474
35    Proposed w. PCA     25         2  99.422735  99.346755  99.836194  99.591474
53    Proposed w. PCA     25         3  99.911190  99.346755  99.836194  99.591474
71    Proposed w. PCA     25         4  99.467140  99.346755  99.836194  99.591474
89    Proposed w. PCA     25         5  99.644760  99.346755  99.836194  99.591474
6   Proposed w. fixed      0         1  99.777975  99.703477  99.887997  99.795737
24  Proposed w. fixed      0         2  99.911190  99.703477  99.887997  99.795737
42  Proposed w. fixed      0         3  99.733570  99.703477  99.887997  99.795737
60  Proposed w. fixed      0         4  99.822380  99.703477  99.887997  99.795737
78  Proposed w. fixed      0         5  99.733570  99.703477  99.887997  99.795737
7   Proposed w. fixed      5         1  99.733570  99.667324  99.906388  99.786856
25  Proposed w. fixed      5         2  99.689165  99.667324  99.906388  99.786856
43  Proposed w. fixed      5         3  99.733570  99.667324  99.906388  99.786856
61  Proposed w. fixed      5         4  99.911190  99.667324  99.906388  99.786856
79  Proposed w. fixed      5         5  99.866785  99.667324  99.906388  99.786856
8   Proposed w. fixed     10         1  99.822380  99.674940  99.916534  99.795737
26  Proposed w. fixed     10         2  99.777975  99.674940  99.916534  99.795737
44  Proposed w. fixed     10         3  99.822380  99.674940  99.916534  99.795737
62  Proposed w. fixed     10         4  99.644760  99.674940  99.916534  99.795737
80  Proposed w. fixed     10         5  99.911190  99.674940  99.916534  99.795737
9   Proposed w. fixed     15         1  99.644760  99.674940  99.916534  99.795737
27  Proposed w. fixed     15         2  99.822380  99.674940  99.916534  99.795737
45  Proposed w. fixed     15         3  99.777975  99.674940  99.916534  99.795737
63  Proposed w. fixed     15         4  99.911190  99.674940  99.916534  99.795737
81  Proposed w. fixed     15         5  99.822380  99.674940  99.916534  99.795737
10  Proposed w. fixed     20         1  99.689165  99.651853  99.833049  99.742451
28  Proposed w. fixed     20         2  99.822380  99.651853  99.833049  99.742451
46  Proposed w. fixed     20         3  99.689165  99.651853  99.833049  99.742451
64  Proposed w. fixed     20         4  99.689165  99.651853  99.833049  99.742451
82  Proposed w. fixed     20         5  99.822380  99.651853  99.833049  99.742451
11  Proposed w. fixed     25         1  99.644760  99.524132  99.800913  99.662522
29  Proposed w. fixed     25         2  99.644760  99.524132  99.800913  99.662522
47  Proposed w. fixed     25         3  99.822380  99.524132  99.800913  99.662522
65  Proposed w. fixed     25         4  99.511545  99.524132  99.800913  99.662522
83  Proposed w. fixed     25         5  99.689165  99.524132  99.800913  99.662522

bio-yeast
                 type  noise iteration   accuracy   ci_lower   ci_upper    avg acc
0            Original      0         1  71.193416  69.574158  71.029409  70.301783
18           Original      0         2  69.821674  69.574158  71.029409  70.301783
36           Original      0         3  70.233196  69.574158  71.029409  70.301783
54           Original      0         4  69.753086  69.574158  71.029409  70.301783
72           Original      0         5  70.507545  69.574158  71.029409  70.301783
1            Original      5         1  67.009602  64.054974  69.635012  66.844993
19           Original      5         2  67.901235  64.054974  69.635012  66.844993
37           Original      5         3  67.146776  64.054974  69.635012  66.844993
55           Original      5         4  63.100137  64.054974  69.635012  66.844993
73           Original      5         5  69.067215  64.054974  69.635012  66.844993
2            Original     10         1  58.779150  57.163103  61.712069  59.437586
20           Original     10         2  57.750343  57.163103  61.712069  59.437586
38           Original     10         3  59.327846  57.163103  61.712069  59.437586
56           Original     10         4  62.551440  57.163103  61.712069  59.437586
74           Original     10         5  58.779150  57.163103  61.712069  59.437586
3            Original     15         1  51.851852  49.612772  54.721933  52.167353
21           Original     15         2  50.960219  49.612772  54.721933  52.167353
39           Original     15         3  55.692730  49.612772  54.721933  52.167353
57           Original     15         4  50.480110  49.612772  54.721933  52.167353
75           Original     15         5  51.851852  49.612772  54.721933  52.167353
4            Original     20         1  49.588477  41.548855  48.574602  45.061728
22           Original     20         2  44.581619  41.548855  48.574602  45.061728
40           Original     20         3  42.866941  41.548855  48.574602  45.061728
58           Original     20         4  42.592593  41.548855  48.574602  45.061728
76           Original     20         5  45.679012  41.548855  48.574602  45.061728
5            Original     25         1  39.711934  38.215622  45.323473  41.769547
23           Original     25         2  42.043896  38.215622  45.323473  41.769547
41           Original     25         3  39.368999  38.215622  45.323473  41.769547
59           Original     25         4  41.220850  38.215622  45.323473  41.769547
77           Original     25         5  46.502058  38.215622  45.323473  41.769547
12    Proposed w. PCA      0         1  70.713306  69.649354  70.817038  70.233196
30    Proposed w. PCA      0         2  69.890261  69.649354  70.817038  70.233196
48    Proposed w. PCA      0         3  69.684499  69.649354  70.817038  70.233196
66    Proposed w. PCA      0         4  70.164609  69.649354  70.817038  70.233196
84    Proposed w. PCA      0         5  70.713306  69.649354  70.817038  70.233196
13    Proposed w. PCA      5         1  68.244170  65.852485  69.346417  67.599451
31    Proposed w. PCA      5         2  68.381344  65.852485  69.346417  67.599451
49    Proposed w. PCA      5         3  66.872428  65.852485  69.346417  67.599451
67    Proposed w. PCA      5         4  65.500686  65.852485  69.346417  67.599451
85    Proposed w. PCA      5         5  68.998628  65.852485  69.346417  67.599451
14    Proposed w. PCA     10         1  63.923182  62.069687  65.474895  63.772291
32    Proposed w. PCA     10         2  64.266118  62.069687  65.474895  63.772291
50    Proposed w. PCA     10         3  63.580247  62.069687  65.474895  63.772291
68    Proposed w. PCA     10         4  65.432099  62.069687  65.474895  63.772291
86    Proposed w. PCA     10         5  61.659808  62.069687  65.474895  63.772291
15    Proposed w. PCA     15         1  60.631001  56.385176  62.188212  59.286694
33    Proposed w. PCA     15         2  62.208505  56.385176  62.188212  59.286694
51    Proposed w. PCA     15         3  59.465021  56.385176  62.188212  59.286694
69    Proposed w. PCA     15         4  56.172840  56.385176  62.188212  59.286694
87    Proposed w. PCA     15         5  57.956104  56.385176  62.188212  59.286694
16    Proposed w. PCA     20         1  56.995885  50.778163  58.275334  54.526749
34    Proposed w. PCA     20         2  51.714678  50.778163  58.275334  54.526749
52    Proposed w. PCA     20         3  52.812071  50.778163  58.275334  54.526749
70    Proposed w. PCA     20         4  52.606310  50.778163  58.275334  54.526749
88    Proposed w. PCA     20         5  58.504801  50.778163  58.275334  54.526749
17    Proposed w. PCA     25         1  49.657064  48.536960  51.847128  50.192044
35    Proposed w. PCA     25         2  50.411523  48.536960  51.847128  50.192044
53    Proposed w. PCA     25         3  52.263374  48.536960  51.847128  50.192044
71    Proposed w. PCA     25         4  48.628258  48.536960  51.847128  50.192044
89    Proposed w. PCA     25         5  50.000000  48.536960  51.847128  50.192044
6   Proposed w. fixed      0         1  71.399177  69.588541  71.207070  70.397805
24  Proposed w. fixed      0         2  69.958848  69.588541  71.207070  70.397805
42  Proposed w. fixed      0         3  69.753086  69.588541  71.207070  70.397805
60  Proposed w. fixed      0         4  70.233196  69.588541  71.207070  70.397805
78  Proposed w. fixed      0         5  70.644719  69.588541  71.207070  70.397805
7   Proposed w. fixed      5         1  68.312757  66.321273  69.371457  67.846365
25  Proposed w. fixed      5         2  68.175583  66.321273  69.371457  67.846365
43  Proposed w. fixed      5         3  67.352538  66.321273  69.371457  67.846365
61  Proposed w. fixed      5         4  66.049383  66.321273  69.371457  67.846365
79  Proposed w. fixed      5         5  69.341564  66.321273  69.371457  67.846365
8   Proposed w. fixed     10         1  63.854595  61.909595  66.183683  64.046639
26  Proposed w. fixed     10         2  64.334705  61.909595  66.183683  64.046639
44  Proposed w. fixed     10         3  63.648834  61.909595  66.183683  64.046639
62  Proposed w. fixed     10         4  66.598080  61.909595  66.183683  64.046639
80  Proposed w. fixed     10         5  61.796982  61.909595  66.183683  64.046639
9   Proposed w. fixed     15         1  61.591221  56.798071  63.064755  59.931413
27  Proposed w. fixed     15         2  62.482853  56.798071  63.064755  59.931413
45  Proposed w. fixed     15         3  60.699588  56.798071  63.064755  59.931413
63  Proposed w. fixed     15         4  56.172840  56.798071  63.064755  59.931413
81  Proposed w. fixed     15         5  58.710562  56.798071  63.064755  59.931413
10  Proposed w. fixed     20         1  56.927298  51.519445  58.878360  55.198903
28  Proposed w. fixed     20         2  52.057613  51.519445  58.878360  55.198903
46  Proposed w. fixed     20         3  53.772291  51.519445  58.878360  55.198903
64  Proposed w. fixed     20         4  53.772291  51.519445  58.878360  55.198903
82  Proposed w. fixed     20         5  59.465021  51.519445  58.878360  55.198903
11  Proposed w. fixed     25         1  47.599451  48.042826  52.725350  50.384088
29  Proposed w. fixed     25         2  50.754458  48.042826  52.725350  50.384088
47  Proposed w. fixed     25         3  52.743484  48.042826  52.725350  50.384088
65  Proposed w. fixed     25         4  49.794239  48.042826  52.725350  50.384088
83  Proposed w. fixed     25         5  51.028807  48.042826  52.725350  50.384088

DD_g501
                 type  noise iteration    accuracy   ci_lower   ci_upper    avg acc
0            Original      0         1   98.601399  98.358638  99.776560  99.067599
18           Original      0         2   99.067599  98.358638  99.776560  99.067599
36           Original      0         3   98.601399  98.358638  99.776560  99.067599
54           Original      0         4  100.000000  98.358638  99.776560  99.067599
72           Original      0         5   99.067599  98.358638  99.776560  99.067599
1            Original      5         1   95.337995  95.692553  97.873881  96.783217
19           Original      5         2   97.202797  95.692553  97.873881  96.783217
37           Original      5         3   96.969697  95.692553  97.873881  96.783217
55           Original      5         4   97.668998  95.692553  97.873881  96.783217
73           Original      5         5   96.736597  95.692553  97.873881  96.783217
2            Original     10         1   87.645688  58.810283  89.627946  74.219114
20           Original     10         2   78.554779  58.810283  89.627946  74.219114
38           Original     10         3   78.321678  58.810283  89.627946  74.219114
56           Original     10         4   72.261072  58.810283  89.627946  74.219114
74           Original     10         5   54.312354  58.810283  89.627946  74.219114
3            Original     15         1   58.508159  51.666578  71.969786  61.818182
21           Original     15         2   57.575758  51.666578  71.969786  61.818182
39           Original     15         3   61.305361  51.666578  71.969786  61.818182
57           Original     15         4   55.710956  51.666578  71.969786  61.818182
75           Original     15         5   75.990676  51.666578  71.969786  61.818182
4            Original     20         1   12.820513   3.892452  23.520136  13.706294
22           Original     20         2   13.986014   3.892452  23.520136  13.706294
40           Original     20         3   21.911422   3.892452  23.520136  13.706294
58           Original     20         4    1.165501   3.892452  23.520136  13.706294
76           Original     20         5   18.648019   3.892452  23.520136  13.706294
5            Original     25         1    6.526807   1.995733  13.202403   7.599068
23           Original     25         2    7.925408   1.995733  13.202403   7.599068
41           Original     25         3    4.195804   1.995733  13.202403   7.599068
59           Original     25         4    4.195804   1.995733  13.202403   7.599068
77           Original     25         5   15.151515   1.995733  13.202403   7.599068
12    Proposed w. PCA      0         1   98.601399  98.358638  99.776560  99.067599
30    Proposed w. PCA      0         2   99.067599  98.358638  99.776560  99.067599
48    Proposed w. PCA      0         3   98.601399  98.358638  99.776560  99.067599
66    Proposed w. PCA      0         4  100.000000  98.358638  99.776560  99.067599
84    Proposed w. PCA      0         5   99.067599  98.358638  99.776560  99.067599
13    Proposed w. PCA      5         1   96.736597  96.182570  98.409505  97.296037
31    Proposed w. PCA      5         2   96.270396  96.182570  98.409505  97.296037
49    Proposed w. PCA      5         3   98.601399  96.182570  98.409505  97.296037
67    Proposed w. PCA      5         4   97.668998  96.182570  98.409505  97.296037
85    Proposed w. PCA      5         5   97.202797  96.182570  98.409505  97.296037
14    Proposed w. PCA     10         1   84.848485  85.163785  93.390993  89.277389
32    Proposed w. PCA     10         2   92.540793  85.163785  93.390993  89.277389
50    Proposed w. PCA     10         3   91.375291  85.163785  93.390993  89.277389
68    Proposed w. PCA     10         4   90.909091  85.163785  93.390993  89.277389
86    Proposed w. PCA     10         5   86.713287  85.163785  93.390993  89.277389
15    Proposed w. PCA     15         1   60.372960  55.188928  78.797086  66.993007
33    Proposed w. PCA     15         2   80.419580  55.188928  78.797086  66.993007
51    Proposed w. PCA     15         3   61.305361  55.188928  78.797086  66.993007
69    Proposed w. PCA     15         4   59.207459  55.188928  78.797086  66.993007
87    Proposed w. PCA     15         5   73.659674  55.188928  78.797086  66.993007
16    Proposed w. PCA     20         1   25.407925  20.420311  46.246355  33.333333
34    Proposed w. PCA     20         2   50.815851  20.420311  46.246355  33.333333
52    Proposed w. PCA     20         3   32.634033  20.420311  46.246355  33.333333
70    Proposed w. PCA     20         4   32.400932  20.420311  46.246355  33.333333
88    Proposed w. PCA     20         5   25.407925  20.420311  46.246355  33.333333
17    Proposed w. PCA     25         1   20.046620  13.559799  23.456518  18.508159
35    Proposed w. PCA     25         2   13.286713  13.559799  23.456518  18.508159
53    Proposed w. PCA     25         3   15.384615  13.559799  23.456518  18.508159
71    Proposed w. PCA     25         4   22.610723  13.559799  23.456518  18.508159
89    Proposed w. PCA     25         5   21.212121  13.559799  23.456518  18.508159
6   Proposed w. fixed      0         1   99.067599  98.526725  99.794953  99.160839
24  Proposed w. fixed      0         2   99.067599  98.526725  99.794953  99.160839
42  Proposed w. fixed      0         3   98.601399  98.526725  99.794953  99.160839
60  Proposed w. fixed      0         4  100.000000  98.526725  99.794953  99.160839
78  Proposed w. fixed      0         5   99.067599  98.526725  99.794953  99.160839
7   Proposed w. fixed      5         1   95.804196  94.922208  97.432104  96.177156
25  Proposed w. fixed      5         2   94.871795  94.922208  97.432104  96.177156
43  Proposed w. fixed      5         3   97.202797  94.922208  97.432104  96.177156
61  Proposed w. fixed      5         4   97.202797  94.922208  97.432104  96.177156
79  Proposed w. fixed      5         5   95.804196  94.922208  97.432104  96.177156
8   Proposed w. fixed     10         1   83.216783  72.028784  94.684502  83.356643
26  Proposed w. fixed     10         2   91.142191  72.028784  94.684502  83.356643
44  Proposed w. fixed     10         3   86.946387  72.028784  94.684502  83.356643
62  Proposed w. fixed     10         4   87.645688  72.028784  94.684502  83.356643
80  Proposed w. fixed     10         5   67.832168  72.028784  94.684502  83.356643
9   Proposed w. fixed     15         1   43.123543  44.327891  59.448333  51.888112
27  Proposed w. fixed     15         2   58.508159  44.327891  59.448333  51.888112
45  Proposed w. fixed     15         3   52.680653  44.327891  59.448333  51.888112
63  Proposed w. fixed     15         4   48.951049  44.327891  59.448333  51.888112
81  Proposed w. fixed     15         5   56.177156  44.327891  59.448333  51.888112
10  Proposed w. fixed     20         1   20.279720  13.573412  20.459222  17.016317
28  Proposed w. fixed     20         2   14.918415  13.573412  20.459222  17.016317
46  Proposed w. fixed     20         3   19.813520  13.573412  20.459222  17.016317
64  Proposed w. fixed     20         4   15.151515  13.573412  20.459222  17.016317
82  Proposed w. fixed     20         5   14.918415  13.573412  20.459222  17.016317
11  Proposed w. fixed     25         1   32.167832   4.585639  29.167275  16.876457
29  Proposed w. fixed     25         2    5.594406   4.585639  29.167275  16.876457
47  Proposed w. fixed     25         3   11.421911   4.585639  29.167275  16.876457
65  Proposed w. fixed     25         4   17.715618   4.585639  29.167275  16.876457
83  Proposed w. fixed     25         5   17.482517   4.585639  29.167275  16.876457