

email-univ
                 type  noise iteration   accuracy   ci_lower   ci_upper    avg acc
0            Original      0         1  97.263901  97.297437  97.936456  97.616946
18           Original      0         2  97.440424  97.297437  97.936456  97.616946
36           Original      0         3  97.881730  97.297437  97.936456  97.616946
54           Original      0         4  97.705207  97.297437  97.936456  97.616946
72           Original      0         5  97.793469  97.297437  97.936456  97.616946
1            Original      5         1  96.822595  96.135865  97.191584  96.663725
19           Original      5         2  96.646072  96.135865  97.191584  96.663725
37           Original      5         3  96.910856  96.135865  97.191584  96.663725
55           Original      5         4  96.999117  96.135865  97.191584  96.663725
73           Original      5         5  95.939982  96.135865  97.191584  96.663725
2            Original     10         1  96.646072  95.949829  96.812748  96.381289
20           Original     10         2  96.557811  95.949829  96.812748  96.381289
38           Original     10         3  95.851721  95.949829  96.812748  96.381289
56           Original     10         4  96.646072  95.949829  96.812748  96.381289
74           Original     10         5  96.204766  95.949829  96.812748  96.381289
3            Original     15         1  94.527802  94.122372  95.180364  94.651368
21           Original     15         2  93.998235  94.122372  95.180364  94.651368
39           Original     15         3  94.792586  94.122372  95.180364  94.651368
57           Original     15         4  95.145631  94.122372  95.180364  94.651368
75           Original     15         5  94.792586  94.122372  95.180364  94.651368
4            Original     20         1  94.086496  93.242169  95.072041  94.157105
22           Original     20         2  93.027361  93.242169  95.072041  94.157105
40           Original     20         3  95.057370  93.242169  95.072041  94.157105
58           Original     20         4  94.439541  93.242169  95.072041  94.157105
76           Original     20         5  94.174757  93.242169  95.072041  94.157105
5            Original     25         1  92.497793  91.576983  95.113220  93.345102
23           Original     25         2  95.057370  91.576983  95.113220  93.345102
41           Original     25         3  92.497793  91.576983  95.113220  93.345102
59           Original     25         4  94.704325  91.576983  95.113220  93.345102
77           Original     25         5  91.968226  91.576983  95.113220  93.345102
12    Proposed w. PCA      0         1  97.087379  97.181973  97.981310  97.581642
30    Proposed w. PCA      0         2  97.440424  97.181973  97.981310  97.581642
48    Proposed w. PCA      0         3  97.881730  97.181973  97.981310  97.581642
66    Proposed w. PCA      0         4  97.705207  97.181973  97.981310  97.581642
84    Proposed w. PCA      0         5  97.793469  97.181973  97.981310  97.581642
13    Proposed w. PCA      5         1  97.969991  96.762954  97.906066  97.334510
31    Proposed w. PCA      5         2  97.087379  96.762954  97.906066  97.334510
49    Proposed w. PCA      5         3  97.440424  96.762954  97.906066  97.334510
67    Proposed w. PCA      5         4  97.440424  96.762954  97.906066  97.334510
85    Proposed w. PCA      5         5  96.734334  96.762954  97.906066  97.334510
14    Proposed w. PCA     10         1  97.263901  96.895216  97.526672  97.210944
32    Proposed w. PCA     10         2  97.263901  96.895216  97.526672  97.210944
50    Proposed w. PCA     10         3  96.822595  96.895216  97.526672  97.210944
68    Proposed w. PCA     10         4  97.528685  96.895216  97.526672  97.210944
86    Proposed w. PCA     10         5  97.175640  96.895216  97.526672  97.210944
15    Proposed w. PCA     15         1  97.175640  95.872225  96.996266  96.434245
33    Proposed w. PCA     15         2  95.939982  95.872225  96.996266  96.434245
51    Proposed w. PCA     15         3  96.293027  95.872225  96.996266  96.434245
69    Proposed w. PCA     15         4  96.381289  95.872225  96.996266  96.434245
87    Proposed w. PCA     15         5  96.381289  95.872225  96.996266  96.434245
16    Proposed w. PCA     20         1  96.646072  95.730719  96.820032  96.275375
34    Proposed w. PCA     20         2  95.939982  95.730719  96.820032  96.275375
52    Proposed w. PCA     20         3  96.557811  95.730719  96.820032  96.275375
70    Proposed w. PCA     20         4  96.557811  95.730719  96.820032  96.275375
88    Proposed w. PCA     20         5  95.675199  95.730719  96.820032  96.275375
17    Proposed w. PCA     25         1  94.527802  94.683230  97.337953  96.010591
35    Proposed w. PCA     25         2  96.557811  94.683230  97.337953  96.010591
53    Proposed w. PCA     25         3  96.116505  94.683230  97.337953  96.010591
71    Proposed w. PCA     25         4  97.352162  94.683230  97.337953  96.010591
89    Proposed w. PCA     25         5  95.498676  94.683230  97.337953  96.010591
6   Proposed w. fixed      0         1  97.087379  97.181973  97.981310  97.581642
24  Proposed w. fixed      0         2  97.440424  97.181973  97.981310  97.581642
42  Proposed w. fixed      0         3  97.881730  97.181973  97.981310  97.581642
60  Proposed w. fixed      0         4  97.705207  97.181973  97.981310  97.581642
78  Proposed w. fixed      0         5  97.793469  97.181973  97.981310  97.581642
7   Proposed w. fixed      5         1  98.411297  96.730027  98.221429  97.475728
25  Proposed w. fixed      5         2  96.999117  96.730027  98.221429  97.475728
43  Proposed w. fixed      5         3  97.440424  96.730027  98.221429  97.475728
61  Proposed w. fixed      5         4  97.616946  96.730027  98.221429  97.475728
79  Proposed w. fixed      5         5  96.910856  96.730027  98.221429  97.475728
8   Proposed w. fixed     10         1  97.352162  96.828928  97.628265  97.228597
26  Proposed w. fixed     10         2  97.263901  96.828928  97.628265  97.228597
44  Proposed w. fixed     10         3  96.734334  96.828928  97.628265  97.228597
62  Proposed w. fixed     10         4  97.616946  96.828928  97.628265  97.228597
80  Proposed w. fixed     10         5  97.175640  96.828928  97.628265  97.228597
9   Proposed w. fixed     15         1  97.352162  95.807454  97.131645  96.469550
27  Proposed w. fixed     15         2  95.939982  95.807454  97.131645  96.469550
45  Proposed w. fixed     15         3  96.469550  95.807454  97.131645  96.469550
63  Proposed w. fixed     15         4  96.381289  95.807454  97.131645  96.469550
81  Proposed w. fixed     15         5  96.204766  95.807454  97.131645  96.469550
10  Proposed w. fixed     20         1  96.822595  95.531909  96.912927  96.222418
28  Proposed w. fixed     20         2  95.675199  95.531909  96.912927  96.222418
46  Proposed w. fixed     20         3  96.557811  95.531909  96.912927  96.222418
64  Proposed w. fixed     20         4  96.469550  95.531909  96.912927  96.222418
82  Proposed w. fixed     20         5  95.586937  95.531909  96.912927  96.222418
11  Proposed w. fixed     25         1  94.880847  94.972102  96.907862  95.939982
29  Proposed w. fixed     25         2  96.293027  94.972102  96.907862  95.939982
47  Proposed w. fixed     25         3  95.763460  94.972102  96.907862  95.939982
65  Proposed w. fixed     25         4  96.999117  94.972102  96.907862  95.939982
83  Proposed w. fixed     25         5  95.763460  94.972102  96.907862  95.939982

in-arenas
                 type  noise iteration   accuracy   ci_lower   ci_upper    avg acc
0            Original      0         1  97.087379  97.209797  98.094705  97.652251
18           Original      0         2  98.058252  97.209797  98.094705  97.652251
36           Original      0         3  97.793469  97.209797  98.094705  97.652251
54           Original      0         4  97.705207  97.209797  98.094705  97.652251
72           Original      0         5  97.616946  97.209797  98.094705  97.652251
1            Original      5         1  96.734334  96.766046  97.726452  97.246249
19           Original      5         2  96.999117  96.766046  97.726452  97.246249
37           Original      5         3  97.263901  96.766046  97.726452  97.246249
55           Original      5         4  97.616946  96.766046  97.726452  97.246249
73           Original      5         5  97.616946  96.766046  97.726452  97.246249
2            Original     10         1  95.322154  94.771733  96.225619  95.498676
20           Original     10         2  94.704325  94.771733  96.225619  95.498676
38           Original     10         3  95.763460  94.771733  96.225619  95.498676
56           Original     10         4  95.410415  94.771733  96.225619  95.498676
74           Original     10         5  96.293027  94.771733  96.225619  95.498676
3            Original     15         1  96.381289  93.344064  95.958672  94.651368
21           Original     15         2  93.821712  93.344064  95.958672  94.651368
39           Original     15         3  93.821712  93.344064  95.958672  94.651368
57           Original     15         4  94.792586  93.344064  95.958672  94.651368
75           Original     15         5  94.439541  93.344064  95.958672  94.651368
4            Original     20         1  93.027361  92.607692  94.717992  93.662842
22           Original     20         2  93.380406  92.607692  94.717992  93.662842
40           Original     20         3  94.880847  92.607692  94.717992  93.662842
58           Original     20         4  92.850838  92.607692  94.717992  93.662842
76           Original     20         5  94.174757  92.607692  94.717992  93.662842
5            Original     25         1  92.850838  92.109286  94.369090  93.239188
23           Original     25         2  91.879965  92.109286  94.369090  93.239188
41           Original     25         3  93.998235  92.109286  94.369090  93.239188
59           Original     25         4  94.086496  92.109286  94.369090  93.239188
77           Original     25         5  93.380406  92.109286  94.369090  93.239188
12    Proposed w. PCA      0         1  97.087379  97.226492  98.148619  97.687555
30    Proposed w. PCA      0         2  98.058252  97.226492  98.148619  97.687555
48    Proposed w. PCA      0         3  97.793469  97.226492  98.148619  97.687555
66    Proposed w. PCA      0         4  97.881730  97.226492  98.148619  97.687555
84    Proposed w. PCA      0         5  97.616946  97.226492  98.148619  97.687555
13    Proposed w. PCA      5         1  97.263901  96.912262  97.933281  97.422771
31    Proposed w. PCA      5         2  96.822595  96.912262  97.933281  97.422771
49    Proposed w. PCA      5         3  97.705207  96.912262  97.933281  97.422771
67    Proposed w. PCA      5         4  97.440424  96.912262  97.933281  97.422771
85    Proposed w. PCA      5         5  97.881730  96.912262  97.933281  97.422771
14    Proposed w. PCA     10         1  96.557811  96.343062  97.443345  96.893204
32    Proposed w. PCA     10         2  96.557811  96.343062  97.443345  96.893204
50    Proposed w. PCA     10         3  96.999117  96.343062  97.443345  96.893204
68    Proposed w. PCA     10         4  96.734334  96.343062  97.443345  96.893204
86    Proposed w. PCA     10         5  97.616946  96.343062  97.443345  96.893204
15    Proposed w. PCA     15         1  97.705207  95.584893  97.566033  96.575463
33    Proposed w. PCA     15         2  96.116505  95.584893  97.566033  96.575463
51    Proposed w. PCA     15         3  95.763460  95.584893  97.566033  96.575463
69    Proposed w. PCA     15         4  97.087379  95.584893  97.566033  96.575463
87    Proposed w. PCA     15         5  96.204766  95.584893  97.566033  96.575463
16    Proposed w. PCA     20         1  95.763460  95.543280  96.654425  96.098853
34    Proposed w. PCA     20         2  96.204766  95.543280  96.654425  96.098853
52    Proposed w. PCA     20         3  96.204766  95.543280  96.654425  96.098853
70    Proposed w. PCA     20         4  95.586937  95.543280  96.654425  96.098853
88    Proposed w. PCA     20         5  96.734334  95.543280  96.654425  96.098853
17    Proposed w. PCA     25         1  94.880847  94.563648  96.045355  95.304501
35    Proposed w. PCA     25         2  95.322154  94.563648  96.045355  95.304501
53    Proposed w. PCA     25         3  95.233892  94.563648  96.045355  95.304501
71    Proposed w. PCA     25         4  96.293027  94.563648  96.045355  95.304501
89    Proposed w. PCA     25         5  94.792586  94.563648  96.045355  95.304501
6   Proposed w. fixed      0         1  97.087379  97.239705  98.135405  97.687555
24  Proposed w. fixed      0         2  98.058252  97.239705  98.135405  97.687555
42  Proposed w. fixed      0         3  97.793469  97.239705  98.135405  97.687555
60  Proposed w. fixed      0         4  97.705207  97.239705  98.135405  97.687555
78  Proposed w. fixed      0         5  97.793469  97.239705  98.135405  97.687555
7   Proposed w. fixed      5         1  97.087379  96.841049  98.075102  97.458076
25  Proposed w. fixed      5         2  96.822595  96.841049  98.075102  97.458076
43  Proposed w. fixed      5         3  97.705207  96.841049  98.075102  97.458076
61  Proposed w. fixed      5         4  97.616946  96.841049  98.075102  97.458076
79  Proposed w. fixed      5         5  98.058252  96.841049  98.075102  97.458076
8   Proposed w. fixed     10         1  96.381289  96.350769  97.647465  96.999117
26  Proposed w. fixed     10         2  96.734334  96.350769  97.647465  96.999117
44  Proposed w. fixed     10         3  96.999117  96.350769  97.647465  96.999117
62  Proposed w. fixed     10         4  97.087379  96.350769  97.647465  96.999117
80  Proposed w. fixed     10         5  97.793469  96.350769  97.647465  96.999117
9   Proposed w. fixed     15         1  97.881730  95.744468  97.688895  96.716681
27  Proposed w. fixed     15         2  96.204766  95.744468  97.688895  96.716681
45  Proposed w. fixed     15         3  95.851721  95.744468  97.688895  96.716681
63  Proposed w. fixed     15         4  96.999117  95.744468  97.688895  96.716681
81  Proposed w. fixed     15         5  96.646072  95.744468  97.688895  96.716681
10  Proposed w. fixed     20         1  95.851721  95.529931  96.350034  95.939982
28  Proposed w. fixed     20         2  96.204766  95.529931  96.350034  95.939982
46  Proposed w. fixed     20         3  96.028244  95.529931  96.350034  95.939982
64  Proposed w. fixed     20         4  95.410415  95.529931  96.350034  95.939982
82  Proposed w. fixed     20         5  96.204766  95.529931  96.350034  95.939982
11  Proposed w. fixed     25         1  94.792586  94.451257  96.016527  95.233892
29  Proposed w. fixed     25         2  94.969109  94.451257  96.016527  95.233892
47  Proposed w. fixed     25         3  95.322154  94.451257  96.016527  95.233892
65  Proposed w. fixed     25         4  96.293027  94.451257  96.016527  95.233892
83  Proposed w. fixed     25         5  94.792586  94.451257  96.016527  95.233892

infect-dublin
                 type  noise iteration    accuracy   ci_lower   ci_upper    avg acc
0            Original      0         1   99.512195  99.338883  99.880629  99.609756
18           Original      0         2   99.512195  99.338883  99.880629  99.609756
36           Original      0         3   99.512195  99.338883  99.880629  99.609756
54           Original      0         4   99.512195  99.338883  99.880629  99.609756
72           Original      0         5  100.000000  99.338883  99.880629  99.609756
1            Original      5         1   99.512195  98.907878  99.921391  99.414634
19           Original      5         2  100.000000  98.907878  99.921391  99.414634
37           Original      5         3   99.024390  98.907878  99.921391  99.414634
55           Original      5         4   99.024390  98.907878  99.921391  99.414634
73           Original      5         5   99.512195  98.907878  99.921391  99.414634
2            Original     10         1   98.536585  98.282575  99.766206  99.024390
20           Original     10         2   99.024390  98.282575  99.766206  99.024390
38           Original     10         3   98.536585  98.282575  99.766206  99.024390
56           Original     10         4   99.024390  98.282575  99.766206  99.024390
74           Original     10         5  100.000000  98.282575  99.766206  99.024390
3            Original     15         1   98.536585  98.189962  99.273453  98.731707
21           Original     15         2   99.024390  98.189962  99.273453  98.731707
39           Original     15         3   99.024390  98.189962  99.273453  98.731707
57           Original     15         4   99.024390  98.189962  99.273453  98.731707
75           Original     15         5   98.048780  98.189962  99.273453  98.731707
4            Original     20         1   99.024390  97.684911  98.998015  98.341463
22           Original     20         2   97.804878  97.684911  98.998015  98.341463
40           Original     20         3   98.536585  97.684911  98.998015  98.341463
58           Original     20         4   97.804878  97.684911  98.998015  98.341463
76           Original     20         5   98.536585  97.684911  98.998015  98.341463
5            Original     25         1   99.024390  97.686993  98.898373  98.292683
23           Original     25         2   98.048780  97.686993  98.898373  98.292683
41           Original     25         3   98.536585  97.686993  98.898373  98.292683
59           Original     25         4   97.804878  97.686993  98.898373  98.292683
77           Original     25         5   98.048780  97.686993  98.898373  98.292683
12    Proposed w. PCA      0         1   99.512195  99.338883  99.880629  99.609756
30    Proposed w. PCA      0         2   99.512195  99.338883  99.880629  99.609756
48    Proposed w. PCA      0         3   99.512195  99.338883  99.880629  99.609756
66    Proposed w. PCA      0         4   99.512195  99.338883  99.880629  99.609756
84    Proposed w. PCA      0         5  100.000000  99.338883  99.880629  99.609756
13    Proposed w. PCA      5         1   99.512195  98.907878  99.921391  99.414634
31    Proposed w. PCA      5         2  100.000000  98.907878  99.921391  99.414634
49    Proposed w. PCA      5         3   99.024390  98.907878  99.921391  99.414634
67    Proposed w. PCA      5         4   99.024390  98.907878  99.921391  99.414634
85    Proposed w. PCA      5         5   99.512195  98.907878  99.921391  99.414634
14    Proposed w. PCA     10         1   99.024390  98.907878  99.921391  99.414634
32    Proposed w. PCA     10         2   99.512195  98.907878  99.921391  99.414634
50    Proposed w. PCA     10         3   99.512195  98.907878  99.921391  99.414634
68    Proposed w. PCA     10         4   99.024390  98.907878  99.921391  99.414634
86    Proposed w. PCA     10         5  100.000000  98.907878  99.921391  99.414634
15    Proposed w. PCA     15         1  100.000000  98.028446  99.825212  98.926829
33    Proposed w. PCA     15         2   99.024390  98.028446  99.825212  98.926829
51    Proposed w. PCA     15         3   99.024390  98.028446  99.825212  98.926829
69    Proposed w. PCA     15         4   98.048780  98.028446  99.825212  98.926829
87    Proposed w. PCA     15         5   98.536585  98.028446  99.825212  98.926829
16    Proposed w. PCA     20         1   99.024390  98.287695  99.468402  98.878049
34    Proposed w. PCA     20         2   98.292683  98.287695  99.468402  98.878049
52    Proposed w. PCA     20         3   99.024390  98.287695  99.468402  98.878049
70    Proposed w. PCA     20         4   99.512195  98.287695  99.468402  98.878049
88    Proposed w. PCA     20         5   98.536585  98.287695  99.468402  98.878049
17    Proposed w. PCA     25         1   98.536585  96.500113  99.012083  97.756098
35    Proposed w. PCA     25         2   96.097561  96.500113  99.012083  97.756098
53    Proposed w. PCA     25         3   98.536585  96.500113  99.012083  97.756098
71    Proposed w. PCA     25         4   98.048780  96.500113  99.012083  97.756098
89    Proposed w. PCA     25         5   97.560976  96.500113  99.012083  97.756098
6   Proposed w. fixed      0         1   99.512195  99.338883  99.880629  99.609756
24  Proposed w. fixed      0         2   99.512195  99.338883  99.880629  99.609756
42  Proposed w. fixed      0         3   99.512195  99.338883  99.880629  99.609756
60  Proposed w. fixed      0         4   99.512195  99.338883  99.880629  99.609756
78  Proposed w. fixed      0         5  100.000000  99.338883  99.880629  99.609756
7   Proposed w. fixed      5         1   99.512195  98.907878  99.921391  99.414634
25  Proposed w. fixed      5         2  100.000000  98.907878  99.921391  99.414634
43  Proposed w. fixed      5         3   99.024390  98.907878  99.921391  99.414634
61  Proposed w. fixed      5         4   99.024390  98.907878  99.921391  99.414634
79  Proposed w. fixed      5         5   99.512195  98.907878  99.921391  99.414634
8   Proposed w. fixed     10         1   99.512195  99.143761  99.685507  99.414634
26  Proposed w. fixed     10         2   99.512195  99.143761  99.685507  99.414634
44  Proposed w. fixed     10         3   99.512195  99.143761  99.685507  99.414634
62  Proposed w. fixed     10         4   99.024390  99.143761  99.685507  99.414634
80  Proposed w. fixed     10         5   99.512195  99.143761  99.685507  99.414634
9   Proposed w. fixed     15         1   99.512195  98.420073  99.433586  98.926829
27  Proposed w. fixed     15         2   99.024390  98.420073  99.433586  98.926829
45  Proposed w. fixed     15         3   99.024390  98.420073  99.433586  98.926829
63  Proposed w. fixed     15         4   98.536585  98.420073  99.433586  98.926829
81  Proposed w. fixed     15         5   98.536585  98.420073  99.433586  98.926829
10  Proposed w. fixed     20         1   99.024390  98.331643  99.326893  98.829268
28  Proposed w. fixed     20         2   98.292683  98.331643  99.326893  98.829268
46  Proposed w. fixed     20         3   99.024390  98.331643  99.326893  98.829268
64  Proposed w. fixed     20         4   99.268293  98.331643  99.326893  98.829268
82  Proposed w. fixed     20         5   98.536585  98.331643  99.326893  98.829268
11  Proposed w. fixed     25         1   98.536585  97.650871  99.032056  98.341463
29  Proposed w. fixed     25         2   97.560976  97.650871  99.032056  98.341463
47  Proposed w. fixed     25         3   99.024390  97.650871  99.032056  98.341463
65  Proposed w. fixed     25         4   98.536585  97.650871  99.032056  98.341463
83  Proposed w. fixed     25         5   98.048780  97.650871  99.032056  98.341463

ca-GrQc
                 type  noise iteration   accuracy   ci_lower   ci_upper    avg acc
0            Original      0         1  75.949976  76.111207  77.982107  77.046657
18           Original      0         2  78.018278  76.111207  77.982107  77.046657
36           Original      0         3  77.368927  76.111207  77.982107  77.046657
54           Original      0         4  76.960077  76.111207  77.982107  77.046657
72           Original      0         5  76.936027  76.111207  77.982107  77.046657
1            Original      5         1  74.939875  74.451139  75.072671  74.761905
19           Original      5         2  74.867725  74.451139  75.072671  74.761905
37           Original      5         3  74.675325  74.451139  75.072671  74.761905
55           Original      5         4  74.963925  74.451139  75.072671  74.761905
73           Original      5         5  74.362674  74.451139  75.072671  74.761905
2            Original     10         1  70.683021  70.063632  72.495290  71.279461
20           Original     10         2  71.500722  70.063632  72.495290  71.279461
38           Original     10         3  69.961520  70.063632  72.495290  71.279461
56           Original     10         4  72.486772  70.063632  72.495290  71.279461
74           Original     10         5  71.765272  70.063632  72.495290  71.279461
3            Original     15         1  68.157768  66.364260  69.172055  67.768158
21           Original     15         2  67.484367  66.364260  69.172055  67.768158
39           Original     15         3  69.119769  66.364260  69.172055  67.768158
57           Original     15         4  68.037518  66.364260  69.172055  67.768158
75           Original     15         5  66.041366  66.364260  69.172055  67.768158
4            Original     20         1  61.880712  61.489575  62.396909  61.943242
22           Original     20         2  62.121212  61.489575  62.396909  61.943242
40           Original     20         3  61.976912  61.489575  62.396909  61.943242
58           Original     20         4  62.361712  61.489575  62.396909  61.943242
76           Original     20         5  61.375661  61.489575  62.396909  61.943242
5            Original     25         1  57.383357  54.277033  59.162121  56.719577
23           Original     25         2  57.768158  54.277033  59.162121  56.719577
41           Original     25         3  58.994709  54.277033  59.162121  56.719577
59           Original     25         4  55.363155  54.277033  59.162121  56.719577
77           Original     25         5  54.088504  54.277033  59.162121  56.719577
12    Proposed w. PCA      0         1  75.853776  76.180519  78.489996  77.335257
30    Proposed w. PCA      0         2  78.234728  76.180519  78.489996  77.335257
48    Proposed w. PCA      0         3  77.994228  76.180519  78.489996  77.335257
66    Proposed w. PCA      0         4  77.200577  76.180519  78.489996  77.335257
84    Proposed w. PCA      0         5  77.392977  76.180519  78.489996  77.335257
13    Proposed w. PCA      5         1  76.262626  75.019680  76.697492  75.858586
31    Proposed w. PCA      5         2  75.300625  75.019680  76.697492  75.858586
49    Proposed w. PCA      5         3  75.060125  75.019680  76.697492  75.858586
67    Proposed w. PCA      5         4  76.695527  75.019680  76.697492  75.858586
85    Proposed w. PCA      5         5  75.974026  75.019680  76.697492  75.858586
14    Proposed w. PCA     10         1  73.328523  73.109279  75.365949  74.237614
32    Proposed w. PCA     10         2  74.434824  73.109279  75.365949  74.237614
50    Proposed w. PCA     10         3  73.256373  73.109279  75.365949  74.237614
68    Proposed w. PCA     10         4  74.939875  73.109279  75.365949  74.237614
86    Proposed w. PCA     10         5  75.228475  73.109279  75.365949  74.237614
15    Proposed w. PCA     15         1  72.991823  71.106615  72.722149  71.914382
33    Proposed w. PCA     15         2  71.476671  71.106615  72.722149  71.914382
51    Proposed w. PCA     15         3  71.885522  71.106615  72.722149  71.914382
69    Proposed w. PCA     15         4  71.885522  71.106615  72.722149  71.914382
87    Proposed w. PCA     15         5  71.332371  71.106615  72.722149  71.914382
16    Proposed w. PCA     20         1  70.081770  68.441361  69.827037  69.134199
34    Proposed w. PCA     20         2  68.807119  68.441361  69.827037  69.134199
52    Proposed w. PCA     20         3  68.662819  68.441361  69.827037  69.134199
70    Proposed w. PCA     20         4  68.999519  68.441361  69.827037  69.134199
88    Proposed w. PCA     20         5  69.119769  68.441361  69.827037  69.134199
17    Proposed w. PCA     25         1  67.628668  64.051606  67.944546  65.998076
35    Proposed w. PCA     25         2  66.017316  64.051606  67.944546  65.998076
53    Proposed w. PCA     25         3  67.075517  64.051606  67.944546  65.998076
71    Proposed w. PCA     25         4  65.704666  64.051606  67.944546  65.998076
89    Proposed w. PCA     25         5  63.564214  64.051606  67.944546  65.998076
6   Proposed w. fixed      0         1  76.046176  76.311556  78.281999  77.296777
24  Proposed w. fixed      0         2  78.210678  76.311556  78.281999  77.296777
42  Proposed w. fixed      0         3  77.176527  76.311556  78.281999  77.296777
60  Proposed w. fixed      0         4  77.537278  76.311556  78.281999  77.296777
78  Proposed w. fixed      0         5  77.513228  76.311556  78.281999  77.296777
7   Proposed w. fixed      5         1  75.493025  74.847569  76.898463  75.873016
25  Proposed w. fixed      5         2  75.060125  74.847569  76.898463  75.873016
43  Proposed w. fixed      5         3  75.589226  74.847569  76.898463  75.873016
61  Proposed w. fixed      5         4  77.224627  74.847569  76.898463  75.873016
79  Proposed w. fixed      5         5  75.998076  74.847569  76.898463  75.873016
8   Proposed w. fixed     10         1  73.785474  73.629868  75.210921  74.420394
26  Proposed w. fixed     10         2  74.603175  73.629868  75.210921  74.420394
44  Proposed w. fixed     10         3  73.737374  73.629868  75.210921  74.420394
62  Proposed w. fixed     10         4  74.795575  73.629868  75.210921  74.420394
80  Proposed w. fixed     10         5  75.180375  73.629868  75.210921  74.420394
9   Proposed w. fixed     15         1  71.741222  71.014905  72.554119  71.784512
27  Proposed w. fixed     15         2  71.308321  71.014905  72.554119  71.784512
45  Proposed w. fixed     15         3  72.174122  71.014905  72.554119  71.784512
63  Proposed w. fixed     15         4  72.607023  71.014905  72.554119  71.784512
81  Proposed w. fixed     15         5  71.091871  71.014905  72.554119  71.784512
10  Proposed w. fixed     20         1  69.769120  68.355643  69.710735  69.033189
28  Proposed w. fixed     20         2  68.855219  68.355643  69.710735  69.033189
46  Proposed w. fixed     20         3  68.710919  68.355643  69.710735  69.033189
64  Proposed w. fixed     20         4  68.422318  68.355643  69.710735  69.033189
82  Proposed w. fixed     20         5  69.408369  68.355643  69.710735  69.033189
11  Proposed w. fixed     25         1  66.931217  62.966732  67.846158  65.406445
29  Proposed w. fixed     25         2  65.007215  62.966732  67.846158  65.406445
47  Proposed w. fixed     25         3  67.243867  62.966732  67.846158  65.406445
65  Proposed w. fixed     25         4  65.536316  62.966732  67.846158  65.406445
83  Proposed w. fixed     25         5  62.313612  62.966732  67.846158  65.406445

bio-DM-LC
                 type  noise iteration   accuracy   ci_lower   ci_upper    avg acc
0            Original      0         1  53.191489  50.589434  53.544304  52.066869
18           Original      0         2  51.519757  50.589434  53.544304  52.066869
36           Original      0         3  52.279635  50.589434  53.544304  52.066869
54           Original      0         4  50.303951  50.589434  53.544304  52.066869
72           Original      0         5  53.039514  50.589434  53.544304  52.066869
1            Original      5         1  49.088146  47.177459  55.132572  51.155015
19           Original      5         2  48.632219  47.177459  55.132572  51.155015
37           Original      5         3  48.784195  47.177459  55.132572  51.155015
55           Original      5         4  54.103343  47.177459  55.132572  51.155015
73           Original      5         5  55.167173  47.177459  55.132572  51.155015
2            Original     10         1  49.544073  44.473192  51.210699  47.841945
20           Original     10         2  47.112462  44.473192  51.210699  47.841945
38           Original     10         3  50.911854  44.473192  51.210699  47.841945
56           Original     10         4  43.768997  44.473192  51.210699  47.841945
74           Original     10         5  47.872340  44.473192  51.210699  47.841945
3            Original     15         1  49.240122  38.946313  48.470101  43.708207
21           Original     15         2  45.136778  38.946313  48.470101  43.708207
39           Original     15         3  39.665653  38.946313  48.470101  43.708207
57           Original     15         4  40.577508  38.946313  48.470101  43.708207
75           Original     15         5  43.920973  38.946313  48.470101  43.708207
4            Original     20         1  39.969605  34.854169  43.747655  39.300912
22           Original     20         2  38.145897  34.854169  43.747655  39.300912
40           Original     20         3  42.705167  34.854169  43.747655  39.300912
58           Original     20         4  33.738602  34.854169  43.747655  39.300912
76           Original     20         5  41.945289  34.854169  43.747655  39.300912
5            Original     25         1  34.498480  30.717469  37.124476  33.920973
23           Original     25         2  29.787234  30.717469  37.124476  33.920973
41           Original     25         3  36.018237  30.717469  37.124476  33.920973
59           Original     25         4  36.018237  30.717469  37.124476  33.920973
77           Original     25         5  33.282675  30.717469  37.124476  33.920973
12    Proposed w. PCA      0         1  53.343465  50.497279  53.210927  51.854103
30    Proposed w. PCA      0         2  52.583587  50.497279  53.210927  51.854103
48    Proposed w. PCA      0         3  51.367781  50.497279  53.210927  51.854103
66    Proposed w. PCA      0         4  50.607903  50.497279  53.210927  51.854103
84    Proposed w. PCA      0         5  51.367781  50.497279  53.210927  51.854103
13    Proposed w. PCA      5         1  49.544073  47.482391  52.517609  50.000000
31    Proposed w. PCA      5         2  49.696049  47.482391  52.517609  50.000000
49    Proposed w. PCA      5         3  47.112462  47.482391  52.517609  50.000000
67    Proposed w. PCA      5         4  51.063830  47.482391  52.517609  50.000000
85    Proposed w. PCA      5         5  52.583587  47.482391  52.517609  50.000000
14    Proposed w. PCA     10         1  50.151976  45.144297  50.600384  47.872340
32    Proposed w. PCA     10         2  47.720365  45.144297  50.600384  47.872340
50    Proposed w. PCA     10         3  49.240122  45.144297  50.600384  47.872340
68    Proposed w. PCA     10         4  44.376900  45.144297  50.600384  47.872340
86    Proposed w. PCA     10         5  47.872340  45.144297  50.600384  47.872340
15    Proposed w. PCA     15         1  48.176292  41.846822  48.061992  44.954407
33    Proposed w. PCA     15         2  45.136778  41.846822  48.061992  44.954407
51    Proposed w. PCA     15         3  43.313070  41.846822  48.061992  44.954407
69    Proposed w. PCA     15         4  41.793313  41.846822  48.061992  44.954407
87    Proposed w. PCA     15         5  46.352584  41.846822  48.061992  44.954407
16    Proposed w. PCA     20         1  36.018237  34.542615  40.654953  37.598784
34    Proposed w. PCA     20         2  41.337386  34.542615  40.654953  37.598784
52    Proposed w. PCA     20         3  38.753799  34.542615  40.654953  37.598784
70    Proposed w. PCA     20         4  36.626140  34.542615  40.654953  37.598784
88    Proposed w. PCA     20         5  35.258359  34.542615  40.654953  37.598784
17    Proposed w. PCA     25         1  33.890578  28.838908  40.036472  34.437690
35    Proposed w. PCA     25         2  27.811550  28.838908  40.036472  34.437690
53    Proposed w. PCA     25         3  40.425532  28.838908  40.036472  34.437690
71    Proposed w. PCA     25         4  35.562310  28.838908  40.036472  34.437690
89    Proposed w. PCA     25         5  34.498480  28.838908  40.036472  34.437690
6   Proposed w. fixed      0         1  53.495441  49.791008  54.829053  52.310030
24  Proposed w. fixed      0         2  50.759878  49.791008  54.829053  52.310030
42  Proposed w. fixed      0         3  49.848024  49.791008  54.829053  52.310030
60  Proposed w. fixed      0         4  52.583587  49.791008  54.829053  52.310030
78  Proposed w. fixed      0         5  54.863222  49.791008  54.829053  52.310030
7   Proposed w. fixed      5         1  48.784195  48.169809  52.802836  50.486322
25  Proposed w. fixed      5         2  50.303951  48.169809  52.802836  50.486322
43  Proposed w. fixed      5         3  48.632219  48.169809  52.802836  50.486322
61  Proposed w. fixed      5         4  51.823708  48.169809  52.802836  50.486322
79  Proposed w. fixed      5         5  52.887538  48.169809  52.802836  50.486322
8   Proposed w. fixed     10         1  49.240122  43.750818  50.899638  47.325228
26  Proposed w. fixed     10         2  45.440729  43.750818  50.899638  47.325228
44  Proposed w. fixed     10         3  49.544073  43.750818  50.899638  47.325228
62  Proposed w. fixed     10         4  43.161094  43.750818  50.899638  47.325228
80  Proposed w. fixed     10         5  49.240122  43.750818  50.899638  47.325228
9   Proposed w. fixed     15         1  48.328267  40.800816  48.317725  44.559271
27  Proposed w. fixed     15         2  46.960486  40.800816  48.317725  44.559271
45  Proposed w. fixed     15         3  40.881459  40.800816  48.317725  44.559271
63  Proposed w. fixed     15         4  43.161094  40.800816  48.317725  44.559271
81  Proposed w. fixed     15         5  43.465046  40.800816  48.317725  44.559271
10  Proposed w. fixed     20         1  40.273556  32.994231  42.264127  37.629179
28  Proposed w. fixed     20         2  38.601824  32.994231  42.264127  37.629179
46  Proposed w. fixed     20         3  40.425532  32.994231  42.264127  37.629179
64  Proposed w. fixed     20         4  31.306991  32.994231  42.264127  37.629179
82  Proposed w. fixed     20         5  37.537994  32.994231  42.264127  37.629179
11  Proposed w. fixed     25         1  34.954407  32.926551  40.690470  36.808511
29  Proposed w. fixed     25         2  32.218845  32.926551  40.690470  36.808511
47  Proposed w. fixed     25         3  39.513678  32.926551  40.690470  36.808511
65  Proposed w. fixed     25         4  39.057751  32.926551  40.690470  36.808511
83  Proposed w. fixed     25         5  38.297872  32.926551  40.690470  36.808511

arenas-meta
                 type  noise iteration   accuracy   ci_lower   ci_upper    avg acc
0            Original      0         1  93.156733  90.581678  94.583885  92.582781
18           Original      0         2  94.260486  90.581678  94.583885  92.582781
36           Original      0         3  91.611479  90.581678  94.583885  92.582781
54           Original      0         4  93.598234  90.581678  94.583885  92.582781
72           Original      0         5  90.286976  90.581678  94.583885  92.582781
1            Original      5         1  83.002208  78.994163  85.685748  82.339956
19           Original      5         2  85.651214  78.994163  85.685748  82.339956
37           Original      5         3  82.560706  78.994163  85.685748  82.339956
55           Original      5         4  78.145695  78.994163  85.685748  82.339956
73           Original      5         5  82.339956  78.994163  85.685748  82.339956
2            Original     10         1  75.496689  72.854867  77.608709  75.231788
20           Original     10         2  77.262693  72.854867  77.608709  75.231788
38           Original     10         3  72.847682  72.854867  77.608709  75.231788
56           Original     10         4  73.730684  72.854867  77.608709  75.231788
74           Original     10         5  76.821192  72.854867  77.608709  75.231788
3            Original     15         1  74.172185  69.783130  77.854839  73.818985
21           Original     15         2  69.315673  69.783130  77.854839  73.818985
39           Original     15         3  76.379691  69.783130  77.854839  73.818985
57           Original     15         4  71.964680  69.783130  77.854839  73.818985
75           Original     15         5  77.262693  69.783130  77.854839  73.818985
4            Original     20         1  73.509934  69.702888  74.491373  72.097130
22           Original     20         2  70.198675  69.702888  74.491373  72.097130
40           Original     20         3  70.419426  69.702888  74.491373  72.097130
58           Original     20         4  74.613687  69.702888  74.491373  72.097130
76           Original     20         5  71.743929  69.702888  74.491373  72.097130
5            Original     25         1  71.081678  68.156708  73.035345  70.596026
23           Original     25         2  73.730684  68.156708  73.035345  70.596026
41           Original     25         3  68.874172  68.156708  73.035345  70.596026
59           Original     25         4  69.094923  68.156708  73.035345  70.596026
77           Original     25         5  70.198675  68.156708  73.035345  70.596026
12    Proposed w. PCA      0         1  97.087379  97.226492  98.148619  97.687555
30    Proposed w. PCA      0         2  98.058252  97.226492  98.148619  97.687555
48    Proposed w. PCA      0         3  97.793469  97.226492  98.148619  97.687555
66    Proposed w. PCA      0         4  97.881730  97.226492  98.148619  97.687555
84    Proposed w. PCA      0         5  97.616946  97.226492  98.148619  97.687555
13    Proposed w. PCA      5         1  97.263901  96.912262  97.933281  97.422771
31    Proposed w. PCA      5         2  96.822595  96.912262  97.933281  97.422771
49    Proposed w. PCA      5         3  97.705207  96.912262  97.933281  97.422771
67    Proposed w. PCA      5         4  97.440424  96.912262  97.933281  97.422771
85    Proposed w. PCA      5         5  97.881730  96.912262  97.933281  97.422771
14    Proposed w. PCA     10         1  96.557811  96.343062  97.443345  96.893204
32    Proposed w. PCA     10         2  96.557811  96.343062  97.443345  96.893204
50    Proposed w. PCA     10         3  96.999117  96.343062  97.443345  96.893204
68    Proposed w. PCA     10         4  96.734334  96.343062  97.443345  96.893204
86    Proposed w. PCA     10         5  97.616946  96.343062  97.443345  96.893204
15    Proposed w. PCA     15         1  97.705207  95.584893  97.566033  96.575463
33    Proposed w. PCA     15         2  96.116505  95.584893  97.566033  96.575463
51    Proposed w. PCA     15         3  95.763460  95.584893  97.566033  96.575463
69    Proposed w. PCA     15         4  97.087379  95.584893  97.566033  96.575463
87    Proposed w. PCA     15         5  96.204766  95.584893  97.566033  96.575463
16    Proposed w. PCA     20         1  95.763460  95.543280  96.654425  96.098853
34    Proposed w. PCA     20         2  96.204766  95.543280  96.654425  96.098853
52    Proposed w. PCA     20         3  96.204766  95.543280  96.654425  96.098853
70    Proposed w. PCA     20         4  95.586937  95.543280  96.654425  96.098853
88    Proposed w. PCA     20         5  96.734334  95.543280  96.654425  96.098853
17    Proposed w. PCA     25         1  94.880847  94.563648  96.045355  95.304501
35    Proposed w. PCA     25         2  95.322154  94.563648  96.045355  95.304501
53    Proposed w. PCA     25         3  95.233892  94.563648  96.045355  95.304501
71    Proposed w. PCA     25         4  96.293027  94.563648  96.045355  95.304501
89    Proposed w. PCA     25         5  94.792586  94.563648  96.045355  95.304501
6   Proposed w. fixed      0         1  93.156733  90.717706  94.447857  92.582781
24  Proposed w. fixed      0         2  94.260486  90.717706  94.447857  92.582781
42  Proposed w. fixed      0         3  91.611479  90.717706  94.447857  92.582781
60  Proposed w. fixed      0         4  93.377483  90.717706  94.447857  92.582781
78  Proposed w. fixed      0         5  90.507726  90.717706  94.447857  92.582781
7   Proposed w. fixed      5         1  92.494481  91.593075  93.219287  92.406181
25  Proposed w. fixed      5         2  92.273731  91.593075  93.219287  92.406181
43  Proposed w. fixed      5         3  92.715232  91.593075  93.219287  92.406181
61  Proposed w. fixed      5         4  93.156733  91.593075  93.219287  92.406181
79  Proposed w. fixed      5         5  91.390728  91.593075  93.219287  92.406181
8   Proposed w. fixed     10         1  89.403974  88.709509  91.422941  90.066225
26  Proposed w. fixed     10         2  90.507726  88.709509  91.422941  90.066225
44  Proposed w. fixed     10         3  91.611479  88.709509  91.422941  90.066225
62  Proposed w. fixed     10         4  90.066225  88.709509  91.422941  90.066225
80  Proposed w. fixed     10         5  88.741722  88.709509  91.422941  90.066225
9   Proposed w. fixed     15         1  88.962472  86.268231  92.009914  89.139073
27  Proposed w. fixed     15         2  89.183223  86.268231  92.009914  89.139073
45  Proposed w. fixed     15         3  85.430464  86.268231  92.009914  89.139073
63  Proposed w. fixed     15         4  90.728477  86.268231  92.009914  89.139073
81  Proposed w. fixed     15         5  91.390728  86.268231  92.009914  89.139073
10  Proposed w. fixed     20         1  86.534216  81.371998  89.312329  85.342163
28  Proposed w. fixed     20         2  81.677704  81.371998  89.312329  85.342163
46  Proposed w. fixed     20         3  83.443709  81.371998  89.312329  85.342163
64  Proposed w. fixed     20         4  90.066225  81.371998  89.312329  85.342163
82  Proposed w. fixed     20         5  84.988962  81.371998  89.312329  85.342163
11  Proposed w. fixed     25         1  81.898455  81.480289  85.230527  83.355408
29  Proposed w. fixed     25         2  85.209713  81.480289  85.230527  83.355408
47  Proposed w. fixed     25         3  81.898455  81.480289  85.230527  83.355408
65  Proposed w. fixed     25         4  84.547461  81.480289  85.230527  83.355408
83  Proposed w. fixed     25         5  83.222958  81.480289  85.230527  83.355408