

inf-power
        type  noise iteration   accuracy   ci_lower   ci_upper    avg acc
0   Original      0         1  90.609188  89.769744  90.720036  90.244890
12  Original      0         2  90.690144  89.769744  90.720036  90.244890
24  Original      0         3  89.860352  89.769744  90.720036  90.244890
36  Original      0         4  89.941307  89.769744  90.720036  90.244890
48  Original      0         5  90.123457  89.769744  90.720036  90.244890
1   Original      5         1  62.760575  55.342018  63.063163  59.202591
13  Original      5         2  59.684274  55.342018  63.063163  59.202591
25  Original      5         3  54.523376  55.342018  63.063163  59.202591
37  Original      5         4  58.166363  55.342018  63.063163  59.202591
49  Original      5         5  60.878365  55.342018  63.063163  59.202591
2   Original     10         1  24.306820  23.626954  31.244529  27.435742
14  Original     10         2  31.754706  23.626954  31.244529  27.435742
26  Original     10         3  25.156851  23.626954  31.244529  27.435742
38  Original     10         4  29.285570  23.626954  31.244529  27.435742
50  Original     10         5  26.674762  23.626954  31.244529  27.435742
3   Original     15         1  12.932605  10.204341  12.665523  11.434932
15  Original     15         2  11.515887  10.204341  12.665523  11.434932
27  Original     15         3  11.596843  10.204341  12.665523  11.434932
39  Original     15         4  10.301558  10.204341  12.665523  11.434932
51  Original     15         5  10.827768  10.204341  12.665523  11.434932
4   Original     20         1   4.553734   4.569993   6.253727   5.411860
16  Original     20         2   5.039466   4.569993   6.253727   5.411860
28  Original     20         3   5.545436   4.569993   6.253727   5.411860
40  Original     20         4   5.545436   4.569993   6.253727   5.411860
52  Original     20         5   6.375228   4.569993   6.253727   5.411860
5   Original     25         1   2.550091   1.758386   2.758918   2.258652
17  Original     25         2   1.922688   1.758386   2.758918   2.258652
29  Original     25         3   2.792957   1.758386   2.758918   2.258652
41  Original     25         4   2.165554   1.758386   2.758918   2.258652
53  Original     25         5   1.861971   1.758386   2.758918   2.258652
6   Proposed      0         1  90.669905  89.921193  90.940981  90.431087
18  Proposed      0         2  90.487756  89.921193  90.940981  90.431087
30  Proposed      0         3  90.082979  89.921193  90.940981  90.431087
42  Proposed      0         4  90.953248  89.921193  90.940981  90.431087
54  Proposed      0         5  89.961546  89.921193  90.940981  90.431087
7   Proposed      5         1  79.983809  77.664667  79.785242  78.724954
19  Proposed      5         2  77.980166  77.664667  79.785242  78.724954
31  Proposed      5         3  77.959927  77.664667  79.785242  78.724954
43  Proposed      5         4  78.567092  77.664667  79.785242  78.724954
55  Proposed      5         5  79.133779  77.664667  79.785242  78.724954
8   Proposed     10         1  52.641166  53.065924  59.016651  56.041287
20  Proposed     10         2  57.397288  53.065924  59.016651  56.041287
32  Proposed     10         3  55.596033  53.065924  59.016651  56.041287
44  Proposed     10         4  59.056871  53.065924  59.016651  56.041287
56  Proposed     10         5  55.515078  53.065924  59.016651  56.041287
9   Proposed     15         1  34.972678  30.792451  34.951325  32.871888
21  Proposed     15         2  32.503542  30.792451  34.951325  32.871888
33  Proposed     15         3  33.110706  30.792451  34.951325  32.871888
45  Proposed     15         4  30.358227  30.792451  34.951325  32.871888
57  Proposed     15         5  33.414289  30.792451  34.951325  32.871888
10  Proposed     20         1  17.526816  17.415076  21.483933  19.449504
22  Proposed     20         2  17.931593  17.415076  21.483933  19.449504
34  Proposed     20         3  19.995952  17.415076  21.483933  19.449504
46  Proposed     20         4  21.250759  17.415076  21.483933  19.449504
58  Proposed     20         5  20.542400  17.415076  21.483933  19.449504
11  Proposed     25         1  10.625379   8.257110  11.714556   9.985833
23  Proposed     25         2   9.107468   8.257110  11.714556   9.985833
35  Proposed     25         3  12.102813   8.257110  11.714556   9.985833
47  Proposed     25         4   8.641975   8.257110  11.714556   9.985833
59  Proposed     25         5   9.451528   8.257110  11.714556   9.985833

ia-crime-moreno
        type  noise iteration   accuracy   ci_lower   ci_upper    avg acc
0   Original      0         1  92.762364  91.134543  92.653153  91.893848
12  Original      0         2  91.676719  91.134543  92.653153  91.893848
24  Original      0         3  91.073583  91.134543  92.653153  91.893848
36  Original      0         4  91.917973  91.134543  92.653153  91.893848
48  Original      0         5  92.038601  91.134543  92.653153  91.893848
1   Original      5         1  84.921592  83.793136  90.247878  87.020507
13  Original      5         2  86.369119  83.793136  90.247878  87.020507
25  Original      5         3  91.556092  83.793136  90.247878  87.020507
37  Original      5         4  86.007238  83.793136  90.247878  87.020507
49  Original      5         5  86.248492  83.793136  90.247878  87.020507
2   Original     10         1  60.313631  40.492317  65.177164  52.834741
14  Original     10         2  55.609168  40.492317  65.177164  52.834741
26  Original     10         3  62.605549  40.492317  65.177164  52.834741
38  Original     10         4  47.044632  40.492317  65.177164  52.834741
50  Original     10         5  38.600724  40.492317  65.177164  52.834741
3   Original     15         1  25.090470  17.664829  34.349646  26.007238
15  Original     15         2  36.791315  17.664829  34.349646  26.007238
27  Original     15         3  20.386007  17.664829  34.349646  26.007238
39  Original     15         4  20.506634  17.664829  34.349646  26.007238
51  Original     15         5  27.261761  17.664829  34.349646  26.007238
4   Original     20         1  10.012063   8.814739  12.415659  10.615199
16  Original     20         2   9.167672   8.814739  12.415659  10.615199
28  Original     20         3  11.338963   8.814739  12.415659  10.615199
40  Original     20         4  12.786490   8.814739  12.415659  10.615199
52  Original     20         5   9.770808   8.814739  12.415659  10.615199
5   Original     25         1   5.669481   4.188010   6.813196   5.500603
17  Original     25         2   6.393245   4.188010   6.813196   5.500603
29  Original     25         3   3.980700   4.188010   6.813196   5.500603
41  Original     25         4   6.513872   4.188010   6.813196   5.500603
53  Original     25         5   4.945718   4.188010   6.813196   5.500603
6   Proposed      0         1  91.556092  91.305359  93.013097  92.159228
18  Proposed      0         2  92.400483  91.305359  93.013097  92.159228
30  Proposed      0         3  93.244873  91.305359  93.013097  92.159228
42  Proposed      0         4  91.917973  91.305359  93.013097  92.159228
54  Proposed      0         5  91.676719  91.305359  93.013097  92.159228
7   Proposed      5         1  89.867310  89.363694  92.059708  90.711701
19  Proposed      5         2  90.349819  89.363694  92.059708  90.711701
31  Proposed      5         3  91.676719  89.363694  92.059708  90.711701
43  Proposed      5         4  92.038601  89.363694  92.059708  90.711701
55  Proposed      5         5  89.626055  89.363694  92.059708  90.711701
8   Proposed     10         1  86.851628  74.284831  87.017944  80.651387
20  Proposed     10         2  82.509047  74.284831  87.017944  80.651387
32  Proposed     10         3  83.232811  74.284831  87.017944  80.651387
44  Proposed     10         4  75.271411  74.284831  87.017944  80.651387
56  Proposed     10         5  75.392039  74.284831  87.017944  80.651387
9   Proposed     15         1  65.018094  54.091434  70.106394  62.098914
21  Proposed     15         2  71.049457  54.091434  70.106394  62.098914
33  Proposed     15         3  58.262967  54.091434  70.106394  62.098914
45  Proposed     15         4  54.161641  54.091434  70.106394  62.098914
57  Proposed     15         5  62.002413  54.091434  70.106394  62.098914
10  Proposed     20         1  31.242461  25.726712  36.613457  31.170084
22  Proposed     20         2  26.899879  25.726712  36.613457  31.170084
34  Proposed     20         3  30.036188  25.726712  36.613457  31.170084
46  Proposed     20         4  38.480097  25.726712  36.613457  31.170084
58  Proposed     20         5  29.191797  25.726712  36.613457  31.170084
11  Proposed     25         1  19.420989  16.460027  22.574955  19.517491
23  Proposed     25         2  20.144753  16.460027  22.574955  19.517491
35  Proposed     25         3  17.852835  16.460027  22.574955  19.517491
47  Proposed     25         4  23.281062  16.460027  22.574955  19.517491
59  Proposed     25         5  16.887817  16.460027  22.574955  19.517491

power-685-bus
        type  noise iteration   accuracy   ci_lower   ci_upper    avg acc
0   Original      0         1  98.540146  97.873554  98.973161  98.423358
12  Original      0         2  98.248175  97.873554  98.973161  98.423358
24  Original      0         3  98.248175  97.873554  98.973161  98.423358
36  Original      0         4  99.124088  97.873554  98.973161  98.423358
48  Original      0         5  97.956204  97.873554  98.973161  98.423358
1   Original      5         1  41.459854  35.527008  56.735766  46.131387
13  Original      5         2  33.868613  35.527008  56.735766  46.131387
25  Original      5         3  51.240876  35.527008  56.735766  46.131387
37  Original      5         4  48.613139  35.527008  56.735766  46.131387
49  Original      5         5  55.474453  35.527008  56.735766  46.131387
2   Original     10         1   3.357664   3.093734  14.599696   8.846715
14  Original     10         2   7.445255   3.093734  14.599696   8.846715
26  Original     10         3  13.284672   3.093734  14.599696   8.846715
38  Original     10         4   6.131387   3.093734  14.599696   8.846715
50  Original     10         5  14.014599   3.093734  14.599696   8.846715
3   Original     15         1   0.145985  -0.072014   2.524569   1.226277
15  Original     15         2   1.751825  -0.072014   2.524569   1.226277
27  Original     15         3   0.875912  -0.072014   2.524569   1.226277
39  Original     15         4   2.773723  -0.072014   2.524569   1.226277
51  Original     15         5   0.583942  -0.072014   2.524569   1.226277
4   Original     20         1   0.583942   0.256135   1.262114   0.759124
16  Original     20         2   1.021898   0.256135   1.262114   0.759124
28  Original     20         3   0.145985   0.256135   1.262114   0.759124
40  Original     20         4   1.167883   0.256135   1.262114   0.759124
52  Original     20         5   0.875912   0.256135   1.262114   0.759124
5   Original     25         1   0.437956   0.064208   0.461339   0.262774
17  Original     25         2   0.437956   0.064208   0.461339   0.262774
29  Original     25         3   0.145985   0.064208   0.461339   0.262774
41  Original     25         4   0.145985   0.064208   0.461339   0.262774
53  Original     25         5   0.145985   0.064208   0.461339   0.262774
6   Proposed      0         1  98.248175  97.652133  99.428159  98.540146
18  Proposed      0         2  98.248175  97.652133  99.428159  98.540146
30  Proposed      0         3  99.124088  97.652133  99.428159  98.540146
42  Proposed      0         4  99.416058  97.652133  99.428159  98.540146
54  Proposed      0         5  97.664234  97.652133  99.428159  98.540146
7   Proposed      5         1  71.970803  72.959755  83.011048  77.985401
19  Proposed      5         2  76.642336  72.959755  83.011048  77.985401
31  Proposed      5         3  81.313869  72.959755  83.011048  77.985401
43  Proposed      5         4  77.956204  72.959755  83.011048  77.985401
55  Proposed      5         5  82.043796  72.959755  83.011048  77.985401
8   Proposed     10         1  14.452555  17.515134  34.689246  26.102190
20  Proposed     10         2  27.007299  17.515134  34.689246  26.102190
32  Proposed     10         3  32.846715  17.515134  34.689246  26.102190
44  Proposed     10         4  28.905109  17.515134  34.689246  26.102190
56  Proposed     10         5  27.299270  17.515134  34.689246  26.102190
9   Proposed     15         1   3.649635   2.426211   9.661380   6.043796
21  Proposed     15         2   8.613139   2.426211   9.661380   6.043796
33  Proposed     15         3   4.087591   2.426211   9.661380   6.043796
45  Proposed     15         4   9.781022   2.426211   9.661380   6.043796
57  Proposed     15         5   4.087591   2.426211   9.661380   6.043796
10  Proposed     20         1   4.671533   1.590601   5.183122   3.386861
22  Proposed     20         2   3.941606   1.590601   5.183122   3.386861
34  Proposed     20         3   1.313869   1.590601   5.183122   3.386861
46  Proposed     20         4   4.525547   1.590601   5.183122   3.386861
58  Proposed     20         5   2.481752   1.590601   5.183122   3.386861
11  Proposed     25         1   0.729927   0.522459   1.170972   0.846715
23  Proposed     25         2   1.021898   0.522459   1.170972   0.846715
35  Proposed     25         3   1.021898   0.522459   1.170972   0.846715
47  Proposed     25         4   1.021898   0.522459   1.170972   0.846715
59  Proposed     25         5   0.437956   0.522459   1.170972   0.846715

socfb-Bowdoin47
        type  noise iteration    accuracy   ci_lower   ci_upper    avg acc
0   Original      0         1   99.822380  99.697206  99.840983  99.769094
12  Original      0         2   99.689165  99.697206  99.840983  99.769094
24  Original      0         3   99.733570  99.697206  99.840983  99.769094
36  Original      0         4   99.777975  99.697206  99.840983  99.769094
48  Original      0         5   99.822380  99.697206  99.840983  99.769094
1   Original      5         1   46.003552  45.483750  48.637031  47.060391
13  Original      5         2   47.824156  45.483750  48.637031  47.060391
25  Original      5         3   48.357016  45.483750  48.637031  47.060391
37  Original      5         4   45.426288  45.483750  48.637031  47.060391
49  Original      5         5   47.690941  45.483750  48.637031  47.060391
2   Original     10         1    4.706927   4.106577   8.131434   6.119005
14  Original     10         2    4.618117   4.106577   8.131434   6.119005
26  Original     10         3    7.637655   4.106577   8.131434   6.119005
38  Original     10         4    5.595027   4.106577   8.131434   6.119005
50  Original     10         5    8.037300   4.106577   8.131434   6.119005
3   Original     15         1    3.374778   2.481282   3.344650   2.912966
15  Original     15         2    3.063943   2.481282   3.344650   2.912966
27  Original     15         3    2.975133   2.481282   3.344650   2.912966
39  Original     15         4    2.664298   2.481282   3.344650   2.912966
51  Original     15         5    2.486679   2.481282   3.344650   2.912966
4   Original     20         1    1.287744   1.065099   1.350531   1.207815
16  Original     20         2    1.332149   1.065099   1.350531   1.207815
28  Original     20         3    1.065719   1.065099   1.350531   1.207815
40  Original     20         4    1.110124   1.065099   1.350531   1.207815
52  Original     20         5    1.243339   1.065099   1.350531   1.207815
5   Original     25         1    1.687389   0.685765   1.570007   1.127886
17  Original     25         2    0.799290   0.685765   1.570007   1.127886
29  Original     25         3    1.110124   0.685765   1.570007   1.127886
41  Original     25         4    1.198934   0.685765   1.570007   1.127886
53  Original     25         5    0.843694   0.685765   1.570007   1.127886
6   Proposed      0         1   99.733570  99.622027  99.933923  99.777975
18  Proposed      0         2   99.733570  99.622027  99.933923  99.777975
30  Proposed      0         3   99.733570  99.622027  99.933923  99.777975
42  Proposed      0         4  100.000000  99.622027  99.933923  99.777975
54  Proposed      0         5   99.689165  99.622027  99.933923  99.777975
7   Proposed      5         1   99.644760  99.452537  99.979079  99.715808
19  Proposed      5         2   99.378330  99.452537  99.979079  99.715808
31  Proposed      5         3   99.822380  99.452537  99.979079  99.715808
43  Proposed      5         4   99.911190  99.452537  99.979079  99.715808
55  Proposed      5         5   99.822380  99.452537  99.979079  99.715808
8   Proposed     10         1   43.916519  44.171571  60.144592  52.158082
20  Proposed     10         2   49.555950  44.171571  60.144592  52.158082
32  Proposed     10         3   58.525755  44.171571  60.144592  52.158082
44  Proposed     10         4   49.911190  44.171571  60.144592  52.158082
56  Proposed     10         5   58.880995  44.171571  60.144592  52.158082
9   Proposed     15         1   16.607460  13.368846  17.075203  15.222025
21  Proposed     15         2   15.364121  13.368846  17.075203  15.222025
33  Proposed     15         3   13.587922  13.368846  17.075203  15.222025
45  Proposed     15         4   16.740675  13.368846  17.075203  15.222025
57  Proposed     15         5   13.809947  13.368846  17.075203  15.222025
10  Proposed     20         1    5.150977   4.883519   5.880247   5.381883
22  Proposed     20         2    5.328597   4.883519   5.880247   5.381883
34  Proposed     20         3    5.639432   4.883519   5.880247   5.381883
46  Proposed     20         4    5.905861   4.883519   5.880247   5.381883
58  Proposed     20         5    4.884547   4.883519   5.880247   5.381883
11  Proposed     25         1    3.019538   1.764885   3.066376   2.415631
23  Proposed     25         2    1.865009   1.764885   3.066376   2.415631
35  Proposed     25         3    2.708703   1.764885   3.066376   2.415631
47  Proposed     25         4    2.619893   1.764885   3.066376   2.415631
59  Proposed     25         5    1.865009   1.764885   3.066376   2.415631

bio-yeast
        type  noise iteration   accuracy   ci_lower   ci_upper    avg acc
0   Original      0         1  69.890261  69.500560  71.459659  70.480110
12  Original      0         2  69.410151  69.500560  71.459659  70.480110
24  Original      0         3  70.919067  69.500560  71.459659  70.480110
36  Original      0         4  70.919067  69.500560  71.459659  70.480110
48  Original      0         5  71.262003  69.500560  71.459659  70.480110
1   Original      5         1  61.865569  59.194470  63.878233  61.536351
13  Original      5         2  64.128944  59.194470  63.878233  61.536351
25  Original      5         3  62.071331  59.194470  63.878233  61.536351
37  Original      5         4  59.053498  59.194470  63.878233  61.536351
49  Original      5         5  60.562414  59.194470  63.878233  61.536351
2   Original     10         1  49.039781  42.569230  50.709234  46.639232
14  Original     10         2  47.050754  42.569230  50.709234  46.639232
26  Original     10         3  42.181070  42.569230  50.709234  46.639232
38  Original     10         4  50.274348  42.569230  50.709234  46.639232
50  Original     10         5  44.650206  42.569230  50.709234  46.639232
3   Original     15         1  32.716049  25.942359  37.130344  31.536351
15  Original     15         2  31.755830  25.942359  37.130344  31.536351
27  Original     15         3  37.860082  25.942359  37.130344  31.536351
39  Original     15         4  25.445816  25.942359  37.130344  31.536351
51  Original     15         5  29.903978  25.942359  37.130344  31.536351
4   Original     20         1  21.262003  15.957478  20.722906  18.340192
16  Original     20         2  16.666667  15.957478  20.722906  18.340192
28  Original     20         3  18.244170  15.957478  20.722906  18.340192
40  Original     20         4  16.598080  15.957478  20.722906  18.340192
52  Original     20         5  18.930041  15.957478  20.722906  18.340192
5   Original     25         1  12.825789  11.519931  15.174171  13.347051
17  Original     25         2  14.060357  11.519931  15.174171  13.347051
29  Original     25         3  14.814815  11.519931  15.174171  13.347051
41  Original     25         4  11.042524  11.519931  15.174171  13.347051
53  Original     25         5  13.991770  11.519931  15.174171  13.347051
6   Proposed      0         1  69.067215  68.825337  70.351618  69.588477
18  Proposed      0         2  69.067215  68.825337  70.351618  69.588477
30  Proposed      0         3  69.410151  68.825337  70.351618  69.588477
42  Proposed      0         4  70.507545  68.825337  70.351618  69.588477
54  Proposed      0         5  69.890261  68.825337  70.351618  69.588477
7   Proposed      5         1  65.775034  63.447704  67.855451  65.651578
19  Proposed      5         2  66.666667  63.447704  67.855451  65.651578
31  Proposed      5         3  66.735254  63.447704  67.855451  65.651578
43  Proposed      5         4  62.551440  63.447704  67.855451  65.651578
55  Proposed      5         5  66.529492  63.447704  67.855451  65.651578
8   Proposed     10         1  58.847737  55.665952  61.179041  58.422497
20  Proposed     10         2  58.367627  55.665952  61.179041  58.422497
32  Proposed     10         3  58.230453  55.665952  61.179041  58.422497
44  Proposed     10         4  61.454047  55.665952  61.179041  58.422497
56  Proposed     10         5  55.212620  55.665952  61.179041  58.422497
9   Proposed     15         1  51.303155  44.332191  52.759715  48.545953
21  Proposed     15         2  48.285322  44.332191  52.759715  48.545953
33  Proposed     15         3  52.126200  44.332191  52.759715  48.545953
45  Proposed     15         4  43.621399  44.332191  52.759715  48.545953
57  Proposed     15         5  47.393690  44.332191  52.759715  48.545953
10  Proposed     20         1  37.997257  32.193456  38.396394  35.294925
22  Proposed     20         2  32.853224  32.193456  38.396394  35.294925
34  Proposed     20         3  36.899863  32.193456  38.396394  35.294925
46  Proposed     20         4  32.441701  32.193456  38.396394  35.294925
58  Proposed     20         5  36.282579  32.193456  38.396394  35.294925
11  Proposed     25         1  26.268861  25.470259  32.828781  29.149520
23  Proposed     25         2  32.853224  25.470259  32.828781  29.149520
35  Proposed     25         3  28.395062  25.470259  32.828781  29.149520
47  Proposed     25         4  26.611797  25.470259  32.828781  29.149520
59  Proposed     25         5  31.618656  25.470259  32.828781  29.149520

DD_g501
        type  noise iteration    accuracy   ci_lower   ci_upper    avg acc
0   Original      0         1   99.067599  98.658280  99.476918  99.067599
12  Original      0         2   98.601399  98.658280  99.476918  99.067599
24  Original      0         3   99.067599  98.658280  99.476918  99.067599
36  Original      0         4   99.067599  98.658280  99.476918  99.067599
48  Original      0         5   99.533800  98.658280  99.476918  99.067599
1   Original      5         1   19.813520  22.453856  50.926097  36.689977
13  Original      5         2   41.258741  22.453856  50.926097  36.689977
25  Original      5         3   40.559441  22.453856  50.926097  36.689977
37  Original      5         4   50.116550  22.453856  50.926097  36.689977
49  Original      5         5   31.701632  22.453856  50.926097  36.689977
2   Original     10         1    8.857809   4.591692  12.564485   8.578089
14  Original     10         2    6.526807   4.591692  12.564485   8.578089
26  Original     10         3   12.587413   4.591692  12.564485   8.578089
38  Original     10         4   10.489510   4.591692  12.564485   8.578089
50  Original     10         5    4.428904   4.591692  12.564485   8.578089
3   Original     15         1    3.496503   1.543225   5.263301   3.403263
15  Original     15         2    1.398601   1.543225   5.263301   3.403263
27  Original     15         3    3.496503   1.543225   5.263301   3.403263
39  Original     15         4    5.594406   1.543225   5.263301   3.403263
51  Original     15         5    3.030303   1.543225   5.263301   3.403263
4   Original     20         1    0.699301   0.376092   2.141391   1.258741
16  Original     20         2    1.631702   0.376092   2.141391   1.258741
28  Original     20         3    0.932401   0.376092   2.141391   1.258741
40  Original     20         4    0.699301   0.376092   2.141391   1.258741
52  Original     20         5    2.331002   0.376092   2.141391   1.258741
5   Original     25         1    0.233100  -0.167028   1.285910   0.559441
17  Original     25         2    1.398601  -0.167028   1.285910   0.559441
29  Original     25         3    0.233100  -0.167028   1.285910   0.559441
41  Original     25         4    0.000000  -0.167028   1.285910   0.559441
53  Original     25         5    0.932401  -0.167028   1.285910   0.559441
6   Proposed      0         1   99.067599  98.152334  99.982864  99.067599
18  Proposed      0         2  100.000000  98.152334  99.982864  99.067599
30  Proposed      0         3   99.533800  98.152334  99.982864  99.067599
42  Proposed      0         4   98.601399  98.152334  99.982864  99.067599
54  Proposed      0         5   98.135198  98.152334  99.982864  99.067599
7   Proposed      5         1   49.417249  53.829544  85.377915  69.603730
19  Proposed      5         2   73.659674  53.829544  85.377915  69.603730
31  Proposed      5         3   79.487179  53.829544  85.377915  69.603730
43  Proposed      5         4   79.953380  53.829544  85.377915  69.603730
55  Proposed      5         5   65.501166  53.829544  85.377915  69.603730
8   Proposed     10         1   27.039627  18.025003  31.671967  24.848485
20  Proposed     10         2   19.114219  18.025003  31.671967  24.848485
32  Proposed     10         3   32.867133  18.025003  31.671967  24.848485
44  Proposed     10         4   24.708625  18.025003  31.671967  24.848485
56  Proposed     10         5   20.512821  18.025003  31.671967  24.848485
9   Proposed     15         1   10.256410   9.546120  11.526141  10.536131
21  Proposed     15         2   10.955711   9.546120  11.526141  10.536131
33  Proposed     15         3    9.557110   9.546120  11.526141  10.536131
45  Proposed     15         4   11.655012   9.546120  11.526141  10.536131
57  Proposed     15         5   10.256410   9.546120  11.526141  10.536131
10  Proposed     20         1    2.564103   1.858290   4.854997   3.356643
22  Proposed     20         2    5.128205   1.858290   4.854997   3.356643
34  Proposed     20         3    3.030303   1.858290   4.854997   3.356643
46  Proposed     20         4    2.097902   1.858290   4.854997   3.356643
58  Proposed     20         5    3.962704   1.858290   4.854997   3.356643
11  Proposed     25         1    0.233100   0.358160   3.091724   1.724942
23  Proposed     25         2    2.564103   0.358160   3.091724   1.724942
35  Proposed     25         3    1.398601   0.358160   3.091724   1.724942
47  Proposed     25         4    1.398601   0.358160   3.091724   1.724942
59  Proposed     25         5    3.030303   0.358160   3.091724   1.724942