

inf-power
        type  noise iteration   accuracy   ci_lower   ci_upper    avg acc
0   Original      0         1  90.791338  89.916531  90.791828  90.354179
12  Original      0         2  90.305606  89.916531  90.791828  90.354179
24  Original      0         3  89.819875  89.916531  90.791828  90.354179
36  Original      0         4  90.366323  89.916531  90.791828  90.354179
48  Original      0         5  90.487756  89.916531  90.791828  90.354179
1   Original      5         1  58.146124  56.977935  60.706745  58.842340
13  Original      5         2  59.218782  56.977935  60.706745  58.842340
25  Original      5         3  56.891318  56.977935  60.706745  58.842340
37  Original      5         4  60.979559  56.977935  60.706745  58.842340
49  Original      5         5  58.975916  56.977935  60.706745  58.842340
2   Original     10         1  34.001214  34.007253  36.958139  35.482696
14  Original     10         2  35.539365  34.007253  36.958139  35.482696
26  Original     10         3  36.065574  34.007253  36.958139  35.482696
38  Original     10         4  37.077515  34.007253  36.958139  35.482696
50  Original     10         5  34.729812  34.007253  36.958139  35.482696
3   Original     15         1  18.154220  17.556967  19.949610  18.753289
15  Original     15         2  19.328071  17.556967  19.949610  18.753289
27  Original     15         3  19.388788  17.556967  19.949610  18.753289
39  Original     15         4  17.344667  17.556967  19.949610  18.753289
51  Original     15         5  19.550698  17.556967  19.949610  18.753289
4   Original     20         1  10.726574  10.209646  12.401162  11.305404
16  Original     20         2  10.584902  10.209646  12.401162  11.305404
28  Original     20         3  11.900425  10.209646  12.401162  11.305404
40  Original     20         4  12.568306  10.209646  12.401162  11.305404
52  Original     20         5  10.746812  10.209646  12.401162  11.305404
5   Original     25         1   5.929974   5.758719   6.926972   6.342846
17  Original     25         2   6.941915   5.758719   6.926972   6.342846
29  Original     25         3   6.699049   5.758719   6.926972   6.342846
41  Original     25         4   6.274034   5.758719   6.926972   6.342846
53  Original     25         5   5.869257   5.758719   6.926972   6.342846
6   Proposed      0         1  90.285367  89.480481  90.863579  90.172030
18  Proposed      0         2  89.921069  89.480481  90.863579  90.172030
30  Proposed      0         3  89.354382  89.480481  90.863579  90.172030
42  Proposed      0         4  90.791338  89.480481  90.863579  90.172030
54  Proposed      0         5  90.507994  89.480481  90.863579  90.172030
7   Proposed      5         1  66.302368  65.306465  67.913531  66.609998
19  Proposed      5         2  65.492815  65.306465  67.913531  66.609998
31  Proposed      5         3  66.484517  65.306465  67.913531  66.609998
43  Proposed      5         4  68.346489  65.306465  67.913531  66.609998
55  Proposed      5         5  66.423801  65.306465  67.913531  66.609998
8   Proposed     10         1  42.562234  41.995639  46.083697  44.039668
20  Proposed     10         2  42.967011  41.995639  46.083697  44.039668
32  Proposed     10         3  44.221817  41.995639  46.083697  44.039668
44  Proposed     10         4  46.751670  41.995639  46.083697  44.039668
56  Proposed     10         5  43.695608  41.995639  46.083697  44.039668
9   Proposed     15         1  27.120016  24.852846  28.067616  26.460231
21  Proposed     15         2  25.966404  24.852846  28.067616  26.460231
33  Proposed     15         3  25.602105  24.852846  28.067616  26.460231
45  Proposed     15         4  25.217567  24.852846  28.067616  26.460231
57  Proposed     15         5  28.395062  24.852846  28.067616  26.460231
10  Proposed     20         1  14.248128  14.233178  17.638912  15.936045
22  Proposed     20         2  15.098158  14.233178  17.638912  15.936045
34  Proposed     20         3  16.555353  14.233178  17.638912  15.936045
46  Proposed     20         4  17.830399  14.233178  17.638912  15.936045
58  Proposed     20         5  15.948189  14.233178  17.638912  15.936045
11  Proposed     25         1   9.532483   8.056312   9.616224   8.836268
23  Proposed     25         2   8.561020   8.056312   9.616224   8.836268
35  Proposed     25         3   9.228901   8.056312   9.616224   8.836268
47  Proposed     25         4   8.945558   8.056312   9.616224   8.836268
59  Proposed     25         5   7.913378   8.056312   9.616224   8.836268

ia-crime-moreno
        type  noise iteration   accuracy   ci_lower   ci_upper    avg acc
0   Original      0         1  92.521110  91.367372  92.613328  91.990350
12  Original      0         2  91.676719  91.367372  92.613328  91.990350
24  Original      0         3  92.038601  91.367372  92.613328  91.990350
36  Original      0         4  91.314837  91.367372  92.613328  91.990350
48  Original      0         5  92.400483  91.367372  92.613328  91.990350
1   Original      5         1  65.500603  65.100780  75.502357  70.301568
13  Original      5         2  71.652593  65.100780  75.502357  70.301568
25  Original      5         3  76.236429  65.100780  75.502357  70.301568
37  Original      5         4  70.928830  65.100780  75.502357  70.301568
49  Original      5         5  67.189385  65.100780  75.502357  70.301568
2   Original     10         1  54.523522  40.737214  57.694631  49.215923
14  Original     10         2  50.542823  40.737214  57.694631  49.215923
26  Original     10         3  56.212304  40.737214  57.694631  49.215923
38  Original     10         4  45.114596  40.737214  57.694631  49.215923
50  Original     10         5  39.686369  40.737214  57.694631  49.215923
3   Original     15         1  38.841978  30.218450  40.227870  35.223160
15  Original     15         2  35.585042  30.218450  40.227870  35.223160
27  Original     15         3  34.740651  30.218450  40.227870  35.223160
39  Original     15         4  28.709288  30.218450  40.227870  35.223160
51  Original     15         5  38.238842  30.218450  40.227870  35.223160
4   Original     20         1  20.627262  15.831135  23.059094  19.445115
16  Original     20         2  16.646562  15.831135  23.059094  19.445115
28  Original     20         3  19.179735  15.831135  23.059094  19.445115
40  Original     20         4  23.763571  15.831135  23.059094  19.445115
52  Original     20         5  17.008444  15.831135  23.059094  19.445115
5   Original     25         1  13.872135  11.868966  16.213060  14.041013
17  Original     25         2  14.475271  11.868966  16.213060  14.041013
29  Original     25         3  12.303981  11.868966  16.213060  14.041013
41  Original     25         4  16.767189  11.868966  16.213060  14.041013
53  Original     25         5  12.786490  11.868966  16.213060  14.041013
6   Proposed      0         1  91.073583  90.974818  92.716376  91.845597
18  Proposed      0         2  92.159228  90.974818  92.716376  91.845597
30  Proposed      0         3  91.435464  90.974818  92.716376  91.845597
42  Proposed      0         4  91.676719  90.974818  92.716376  91.845597
54  Proposed      0         5  92.882992  90.974818  92.716376  91.845597
7   Proposed      5         1  75.030157  72.202288  80.849582  76.525935
19  Proposed      5         2  76.115802  72.202288  80.849582  76.525935
31  Proposed      5         3  82.629674  72.202288  80.849582  76.525935
43  Proposed      5         4  74.306393  72.202288  80.849582  76.525935
55  Proposed      5         5  74.547648  72.202288  80.849582  76.525935
8   Proposed     10         1  62.243667  47.513583  65.297032  56.405308
20  Proposed     10         2  57.780458  47.513583  65.297032  56.405308
32  Proposed     10         3  63.932449  47.513583  65.297032  56.405308
44  Proposed     10         4  50.422195  47.513583  65.297032  56.405308
56  Proposed     10         5  47.647768  47.513583  65.297032  56.405308
9   Proposed     15         1  42.943305  36.240290  45.786248  41.013269
21  Proposed     15         2  44.752714  36.240290  45.786248  41.013269
33  Proposed     15         3  41.013269  36.240290  45.786248  41.013269
45  Proposed     15         4  34.620024  36.240290  45.786248  41.013269
57  Proposed     15         5  41.737033  36.240290  45.786248  41.013269
10  Proposed     20         1  22.557298  18.599252  24.681809  21.640531
22  Proposed     20         2  19.179735  18.599252  24.681809  21.640531
34  Proposed     20         3  20.506634  18.599252  24.681809  21.640531
46  Proposed     20         4  25.452352  18.599252  24.681809  21.640531
58  Proposed     20         5  20.506634  18.599252  24.681809  21.640531
11  Proposed     25         1  11.942099  12.210894  15.871133  14.041013
23  Proposed     25         2  15.199035  12.210894  15.871133  14.041013
35  Proposed     25         3  15.078408  12.210894  15.871133  14.041013
47  Proposed     25         4  14.957780  12.210894  15.871133  14.041013
59  Proposed     25         5  13.027744  12.210894  15.871133  14.041013

power-685-bus
        type  noise iteration   accuracy   ci_lower   ci_upper    avg acc
0   Original      0         1  98.540146  97.735481  98.760870  98.248175
12  Original      0         2  98.540146  97.735481  98.760870  98.248175
24  Original      0         3  97.664234  97.735481  98.760870  98.248175
36  Original      0         4  97.956204  97.735481  98.760870  98.248175
48  Original      0         5  98.540146  97.735481  98.760870  98.248175
1   Original      5         1  43.065693  44.782209  59.976915  52.379562
13  Original      5         2  49.927007  44.782209  59.976915  52.379562
25  Original      5         3  54.744526  44.782209  59.976915  52.379562
37  Original      5         4  58.978102  44.782209  59.976915  52.379562
49  Original      5         5  55.182482  44.782209  59.976915  52.379562
2   Original     10         1  13.138686  14.147458  22.056921  18.102190
14  Original     10         2  18.394161  14.147458  22.056921  18.102190
26  Original     10         3  17.810219  14.147458  22.056921  18.102190
38  Original     10         4  19.270073  14.147458  22.056921  18.102190
50  Original     10         5  21.897810  14.147458  22.056921  18.102190
3   Original     15         1   6.861314   5.200202   8.172061   6.686131
15  Original     15         2   8.613139   5.200202   8.172061   6.686131
27  Original     15         3   5.401460   5.200202   8.172061   6.686131
39  Original     15         4   6.277372   5.200202   8.172061   6.686131
51  Original     15         5   6.277372   5.200202   8.172061   6.686131
4   Original     20         1   4.379562   4.455398   5.646792   5.051095
16  Original     20         2   5.693431   4.455398   5.646792   5.051095
28  Original     20         3   4.963504   4.455398   5.646792   5.051095
40  Original     20         4   5.255474   4.455398   5.646792   5.051095
52  Original     20         5   4.963504   4.455398   5.646792   5.051095
5   Original     25         1   2.773723   2.713289   3.651674   3.182482
17  Original     25         2   3.065693   2.713289   3.651674   3.182482
29  Original     25         3   2.919708   2.713289   3.651674   3.182482
41  Original     25         4   3.503650   2.713289   3.651674   3.182482
53  Original     25         5   3.649635   2.713289   3.651674   3.182482
6   Proposed      0         1  97.664234  97.208708  98.002971  97.605839
18  Proposed      0         2  97.664234  97.208708  98.002971  97.605839
30  Proposed      0         3  97.664234  97.208708  98.002971  97.605839
42  Proposed      0         4  97.956204  97.208708  98.002971  97.605839
54  Proposed      0         5  97.080292  97.208708  98.002971  97.605839
7   Proposed      5         1  64.525547  65.885328  75.720511  70.802920
19  Proposed      5         2  70.510949  65.885328  75.720511  70.802920
31  Proposed      5         3  72.408759  65.885328  75.720511  70.802920
43  Proposed      5         4  71.240876  65.885328  75.720511  70.802920
55  Proposed      5         5  75.328467  65.885328  75.720511  70.802920
8   Proposed     10         1  28.467153  28.702535  39.443450  34.072993
20  Proposed     10         2  31.824818  28.702535  39.443450  34.072993
32  Proposed     10         3  33.284672  28.702535  39.443450  34.072993
44  Proposed     10         4  37.956204  28.702535  39.443450  34.072993
56  Proposed     10         5  38.832117  28.702535  39.443450  34.072993
9   Proposed     15         1  10.802920   7.882521  19.212370  13.547445
21  Proposed     15         2  19.124088   7.882521  19.212370  13.547445
33  Proposed     15         3   9.197080   7.882521  19.212370  13.547445
45  Proposed     15         4  17.810219   7.882521  19.212370  13.547445
57  Proposed     15         5  10.802920   7.882521  19.212370  13.547445
10  Proposed     20         1   6.861314   5.334857   8.095800   6.715328
22  Proposed     20         2   5.985401   5.334857   8.095800   6.715328
34  Proposed     20         3   8.029197   5.334857   8.095800   6.715328
46  Proposed     20         4   5.255474   5.334857   8.095800   6.715328
58  Proposed     20         5   7.445255   5.334857   8.095800   6.715328
11  Proposed     25         1   3.357664   3.433133   5.034020   4.233577
23  Proposed     25         2   5.109489   3.433133   5.034020   4.233577
35  Proposed     25         3   4.087591   3.433133   5.034020   4.233577
47  Proposed     25         4   4.087591   3.433133   5.034020   4.233577
59  Proposed     25         5   4.525547   3.433133   5.034020   4.233577

socfb-Bowdoin47
        type  noise iteration    accuracy   ci_lower   ci_upper    avg acc
0   Original      0         1   99.733570  99.756763  99.941283  99.849023
12  Original      0         2   99.822380  99.756763  99.941283  99.849023
24  Original      0         3   99.911190  99.756763  99.941283  99.849023
36  Original      0         4   99.911190  99.756763  99.941283  99.849023
48  Original      0         5   99.866785  99.756763  99.941283  99.849023
1   Original      5         1   85.301954  83.842463  85.962155  84.902309
13  Original      5         2   83.880995  83.842463  85.962155  84.902309
25  Original      5         3   85.968028  83.842463  85.962155  84.902309
37  Original      5         4   85.168739  83.842463  85.962155  84.902309
49  Original      5         5   84.191829  83.842463  85.962155  84.902309
2   Original     10         1   63.898757  62.778713  64.379369  63.579041
14  Original     10         2   63.188277  62.778713  64.379369  63.579041
26  Original     10         3   63.410302  62.778713  64.379369  63.579041
38  Original     10         4   64.520426  62.778713  64.379369  63.579041
50  Original     10         5   62.877442  62.778713  64.379369  63.579041
3   Original     15         1   43.428064  40.051378  46.112032  43.081705
15  Original     15         2   42.406750  40.051378  46.112032  43.081705
27  Original     15         3   46.936057  40.051378  46.112032  43.081705
39  Original     15         4   42.362345  40.051378  46.112032  43.081705
51  Original     15         5   40.275311  40.051378  46.112032  43.081705
4   Original     20         1   28.907638  27.131557  30.044286  28.587922
16  Original     20         2   29.262877  27.131557  30.044286  28.587922
28  Original     20         3   27.087034  27.131557  30.044286  28.587922
40  Original     20         4   27.708703  27.131557  30.044286  28.587922
52  Original     20         5   29.973357  27.131557  30.044286  28.587922
5   Original     25         1   18.516874  18.436117  21.119833  19.777975
17  Original     25         2   19.404973  18.436117  21.119833  19.777975
29  Original     25         3   21.225577  18.436117  21.119833  19.777975
41  Original     25         4   19.227353  18.436117  21.119833  19.777975
53  Original     25         5   20.515098  18.436117  21.119833  19.777975
6   Proposed      0         1   99.822380  99.705246  99.992800  99.849023
18  Proposed      0         2  100.000000  99.705246  99.992800  99.849023
30  Proposed      0         3   99.822380  99.705246  99.992800  99.849023
42  Proposed      0         4   99.911190  99.705246  99.992800  99.849023
54  Proposed      0         5   99.689165  99.705246  99.992800  99.849023
7   Proposed      5         1   94.493783  93.725253  95.031408  94.378330
19  Proposed      5         2   93.561279  93.725253  95.031408  94.378330
31  Proposed      5         3   95.026643  93.725253  95.031408  94.378330
43  Proposed      5         4   94.449378  93.725253  95.031408  94.378330
55  Proposed      5         5   94.360568  93.725253  95.031408  94.378330
8   Proposed     10         1   67.051510  65.018028  68.321226  66.669627
20  Proposed     10         2   66.829485  65.018028  68.321226  66.669627
32  Proposed     10         3   66.385435  65.018028  68.321226  66.669627
44  Proposed     10         4   68.383659  65.018028  68.321226  66.669627
56  Proposed     10         5   64.698046  65.018028  68.321226  66.669627
9   Proposed     15         1   38.543517  34.254421  37.805970  36.030195
21  Proposed     15         2   35.746004  34.254421  37.805970  36.030195
33  Proposed     15         3   35.568384  34.254421  37.805970  36.030195
45  Proposed     15         4   35.213144  34.254421  37.805970  36.030195
57  Proposed     15         5   35.079929  34.254421  37.805970  36.030195
10  Proposed     20         1   20.959147  18.108374  22.015960  20.062167
22  Proposed     20         2   19.049734  18.108374  22.015960  20.062167
34  Proposed     20         3   20.337478  18.108374  22.015960  20.062167
46  Proposed     20         4   17.984014  18.108374  22.015960  20.062167
58  Proposed     20         5   21.980462  18.108374  22.015960  20.062167
11  Proposed     25         1   10.834813   9.639011  12.439141  11.039076
23  Proposed     25         2    9.946714   9.639011  12.439141  11.039076
35  Proposed     25         3   12.255773   9.639011  12.439141  11.039076
47  Proposed     25         4    9.991119   9.639011  12.439141  11.039076
59  Proposed     25         5   12.166963   9.639011  12.439141  11.039076

bio-yeast
        type  noise iteration   accuracy   ci_lower   ci_upper    avg acc
0   Original      0         1  69.684499  69.759303  70.954003  70.356653
12  Original      0         2  70.096022  69.759303  70.954003  70.356653
24  Original      0         3  70.919067  69.759303  70.954003  70.356653
36  Original      0         4  70.644719  69.759303  70.954003  70.356653
48  Original      0         5  70.438957  69.759303  70.954003  70.356653
1   Original      5         1  57.818930  56.229303  59.710341  57.969822
13  Original      5         2  60.219479  56.229303  59.710341  57.969822
25  Original      5         3  57.475995  56.229303  59.710341  57.969822
37  Original      5         4  56.378601  56.229303  59.710341  57.969822
49  Original      5         5  57.956104  56.229303  59.710341  57.969822
2   Original     10         1  48.834019  45.002970  49.647236  47.325103
14  Original     10         2  46.570645  45.002970  49.647236  47.325103
26  Original     10         3  46.844993  45.002970  49.647236  47.325103
38  Original     10         4  49.519890  45.002970  49.647236  47.325103
50  Original     10         5  44.855967  45.002970  49.647236  47.325103
3   Original     15         1  38.340192  34.239275  39.670190  36.954733
15  Original     15         2  34.773663  34.239275  39.670190  36.954733
27  Original     15         3  39.780521  34.239275  39.670190  36.954733
39  Original     15         4  34.842250  34.239275  39.670190  36.954733
51  Original     15         5  37.037037  34.239275  39.670190  36.954733
4   Original     20         1  30.109739  23.816297  31.300301  27.558299
16  Original     20         2  22.770919  23.816297  31.300301  27.558299
28  Original     20         3  29.835391  23.816297  31.300301  27.558299
40  Original     20         4  26.611797  23.816297  31.300301  27.558299
52  Original     20         5  28.463649  23.816297  31.300301  27.558299
5   Original     25         1  21.810700  20.557542  25.121470  22.839506
17  Original     25         2  22.908093  20.557542  25.121470  22.839506
29  Original     25         3  20.507545  20.557542  25.121470  22.839506
41  Original     25         4  25.377229  20.557542  25.121470  22.839506
53  Original     25         5  23.593964  20.557542  25.121470  22.839506
6   Proposed      0         1  69.547325  68.690266  70.953081  69.821674
18  Proposed      0         2  69.204390  68.690266  70.953081  69.821674
30  Proposed      0         3  69.067215  68.690266  70.953081  69.821674
42  Proposed      0         4  71.330590  68.690266  70.953081  69.821674
54  Proposed      0         5  69.958848  68.690266  70.953081  69.821674
7   Proposed      5         1  62.208505  59.764099  63.336039  61.550069
19  Proposed      5         2  62.277092  59.764099  63.336039  61.550069
31  Proposed      5         3  63.100137  59.764099  63.336039  61.550069
43  Proposed      5         4  59.533608  59.764099  63.336039  61.550069
55  Proposed      5         5  60.631001  59.764099  63.336039  61.550069
8   Proposed     10         1  50.548697  48.114891  53.339156  50.727023
20  Proposed     10         2  49.725652  48.114891  53.339156  50.727023
32  Proposed     10         3  51.097394  48.114891  53.339156  50.727023
44  Proposed     10         4  53.978052  48.114891  53.339156  50.727023
56  Proposed     10         5  48.285322  48.114891  53.339156  50.727023
9   Proposed     15         1  40.672154  37.629370  42.151151  39.890261
21  Proposed     15         2  40.809328  37.629370  42.151151  39.890261
33  Proposed     15         3  41.838134  37.629370  42.151151  39.890261
45  Proposed     15         4  37.242798  37.629370  42.151151  39.890261
57  Proposed     15         5  38.888889  37.629370  42.151151  39.890261
10  Proposed     20         1  34.019204  25.293953  33.690958  29.492455
22  Proposed     20         2  26.200274  25.293953  33.690958  29.492455
34  Proposed     20         3  29.903978  25.293953  33.690958  29.492455
46  Proposed     20         4  26.131687  25.293953  33.690958  29.492455
58  Proposed     20         5  31.207133  25.293953  33.690958  29.492455
11  Proposed     25         1  22.565158  21.146338  30.211687  25.679012
23  Proposed     25         2  27.640604  21.146338  30.211687  25.679012
35  Proposed     25         3  22.633745  21.146338  30.211687  25.679012
47  Proposed     25         4  24.485597  21.146338  30.211687  25.679012
59  Proposed     25         5  31.069959  21.146338  30.211687  25.679012

DD_g501
        type  noise iteration    accuracy   ci_lower    ci_upper    avg acc
0   Original      0         1   98.135198  98.302245  100.019434  99.160839
12  Original      0         2   99.067599  98.302245  100.019434  99.160839
24  Original      0         3   99.067599  98.302245  100.019434  99.160839
36  Original      0         4  100.000000  98.302245  100.019434  99.160839
48  Original      0         5   99.533800  98.302245  100.019434  99.160839
1   Original      5         1   46.153846  41.134768   66.464300  53.799534
13  Original      5         2   59.207459  41.134768   66.464300  53.799534
25  Original      5         3   48.484848  41.134768   66.464300  53.799534
37  Original      5         4   69.230769  41.134768   66.464300  53.799534
49  Original      5         5   45.920746  41.134768   66.464300  53.799534
2   Original     10         1   18.881119  13.224440   24.444557  18.834499
14  Original     10         2   18.181818  13.224440   24.444557  18.834499
26  Original     10         3   17.249417  13.224440   24.444557  18.834499
38  Original     10         4   26.107226  13.224440   24.444557  18.834499
50  Original     10         5   13.752914  13.224440   24.444557  18.834499
3   Original     15         1   11.188811   7.778148   12.175232   9.976690
15  Original     15         2   10.256410   7.778148   12.175232   9.976690
27  Original     15         3    6.993007   7.778148   12.175232   9.976690
39  Original     15         4   10.023310   7.778148   12.175232   9.976690
51  Original     15         5   11.421911   7.778148   12.175232   9.976690
4   Original     20         1    5.361305   4.201119    5.868811   5.034965
16  Original     20         2    5.594406   4.201119    5.868811   5.034965
28  Original     20         3    5.594406   4.201119    5.868811   5.034965
40  Original     20         4    4.428904   4.201119    5.868811   5.034965
52  Original     20         5    4.195804   4.201119    5.868811   5.034965
5   Original     25         1    3.962704   1.586421    4.007984   2.797203
17  Original     25         2    3.263403   1.586421    4.007984   2.797203
29  Original     25         3    1.398601   1.586421    4.007984   2.797203
41  Original     25         4    3.030303   1.586421    4.007984   2.797203
53  Original     25         5    2.331002   1.586421    4.007984   2.797203
6   Proposed      0         1   99.067599  98.676527   99.645152  99.160839
18  Proposed      0         2   99.533800  98.676527   99.645152  99.160839
30  Proposed      0         3   98.601399  98.676527   99.645152  99.160839
42  Proposed      0         4   99.533800  98.676527   99.645152  99.160839
54  Proposed      0         5   99.067599  98.676527   99.645152  99.160839
7   Proposed      5         1   68.065268  67.125008   86.534666  76.829837
19  Proposed      5         2   79.720280  67.125008   86.534666  76.829837
31  Proposed      5         3   75.291375  67.125008   86.534666  76.829837
43  Proposed      5         4   88.578089  67.125008   86.534666  76.829837
55  Proposed      5         5   72.494172  67.125008   86.534666  76.829837
8   Proposed     10         1   41.258741  38.451595   45.557729  42.004662
20  Proposed     10         2   41.491841  38.451595   45.557729  42.004662
32  Proposed     10         3   42.424242  38.451595   45.557729  42.004662
44  Proposed     10         4   46.386946  38.451595   45.557729  42.004662
56  Proposed     10         5   38.461538  38.451595   45.557729  42.004662
9   Proposed     15         1   19.114219  18.822818   23.974385  21.398601
21  Proposed     15         2   21.678322  18.822818   23.974385  21.398601
33  Proposed     15         3   20.512821  18.822818   23.974385  21.398601
45  Proposed     15         4   20.979021  18.822818   23.974385  21.398601
57  Proposed     15         5   24.708625  18.822818   23.974385  21.398601
10  Proposed     20         1   12.820513   8.570172   12.129129  10.349650
22  Proposed     20         2   10.023310   8.570172   12.129129  10.349650
34  Proposed     20         3   10.023310   8.570172   12.129129  10.349650
46  Proposed     20         4    9.790210   8.570172   12.129129  10.349650
58  Proposed     20         5    9.090909   8.570172   12.129129  10.349650
11  Proposed     25         1    8.391608   5.151072    8.834942   6.993007
23  Proposed     25         2    6.293706   5.151072    8.834942   6.993007
35  Proposed     25         3    4.895105   5.151072    8.834942   6.993007
47  Proposed     25         4    6.993007   5.151072    8.834942   6.993007
59  Proposed     25         5    8.391608   5.151072    8.834942   6.993007