

inf-power
        type  noise iteration   accuracy   ci_lower   ci_upper    avg acc
0   Original      0         1  46.893341  46.193064  47.115982  46.654523
12  Original      0         2  47.136207  46.193064  47.115982  46.654523
24  Original      0         3  46.407610  46.193064  47.115982  46.654523
36  Original      0         4  46.630237  46.193064  47.115982  46.654523
48  Original      0         5  46.205222  46.193064  47.115982  46.654523
1   Original      5         1  26.533090  24.479481  26.287570  25.383526
13  Original      5         2  25.622344  24.479481  26.287570  25.383526
25  Original      5         3  24.772313  24.479481  26.287570  25.383526
37  Original      5         4  25.177090  24.479481  26.287570  25.383526
49  Original      5         5  24.812791  24.479481  26.287570  25.383526
2   Original     10         1  13.074276  13.080293  15.440249  14.260271
14  Original     10         2  15.341024  13.080293  15.440249  14.260271
26  Original     10         3  14.329083  13.080293  15.440249  14.260271
38  Original     10         4  14.996964  13.080293  15.440249  14.260271
50  Original     10         5  13.560008  13.080293  15.440249  14.260271
3   Original     15         1   8.378871   7.395030   9.095559   8.245294
15  Original     15         2   9.066990   7.395030   9.095559   8.245294
27  Original     15         3   7.184780   7.395030   9.095559   8.245294
39  Original     15         4   8.459826   7.395030   9.095559   8.245294
51  Original     15         5   8.136005   7.395030   9.095559   8.245294
4   Original     20         1   4.128719   4.367648   5.865098   5.116373
16  Original     20         2   5.504959   4.367648   5.865098   5.116373
28  Original     20         3   5.100182   4.367648   5.865098   5.116373
40  Original     20         4   5.687108   4.367648   5.865098   5.116373
52  Original     20         5   5.160899   4.367648   5.865098   5.116373
5   Original     25         1   3.481077   2.467863   3.401394   2.934629
17  Original     25         2   2.610808   2.467863   3.401394   2.934629
29  Original     25         3   2.995345   2.467863   3.401394   2.934629
41  Original     25         4   2.550091   2.467863   3.401394   2.934629
53  Original     25         5   3.035823   2.467863   3.401394   2.934629
6   Proposed      0         1  52.317345  52.169509  53.177587  52.673548
18  Proposed      0         2  53.228091  52.169509  53.177587  52.673548
30  Proposed      0         3  52.742360  52.169509  53.177587  52.673548
42  Proposed      0         4  52.236389  52.169509  53.177587  52.673548
54  Proposed      0         5  52.843554  52.169509  53.177587  52.673548
7   Proposed      5         1  31.390407  29.382494  31.309674  30.346084
19  Proposed      5         2  30.439182  29.382494  31.309674  30.346084
31  Proposed      5         3  29.224853  29.382494  31.309674  30.346084
43  Proposed      5         4  30.176078  29.382494  31.309674  30.346084
55  Proposed      5         5  30.499899  29.382494  31.309674  30.346084
8   Proposed     10         1  16.211293  15.973525  17.728155  16.850840
20  Proposed     10         2  17.547055  15.973525  17.728155  16.850840
32  Proposed     10         3  16.251771  15.973525  17.728155  16.850840
44  Proposed     10         4  17.668488  15.973525  17.728155  16.850840
56  Proposed     10         5  16.575592  15.973525  17.728155  16.850840
9   Proposed     15         1   9.694394   8.560463  10.294020   9.427241
21  Proposed     15         2  10.058693   8.560463  10.294020   9.427241
33  Proposed     15         3   8.257438   8.560463  10.294020   9.427241
45  Proposed     15         4   9.755110   8.560463  10.294020   9.427241
57  Proposed     15         5   9.370573   8.560463  10.294020   9.427241
10  Proposed     20         1   4.310868   4.637729   6.331710   5.484720
22  Proposed     20         2   5.525197   4.637729   6.331710   5.484720
34  Proposed     20         3   5.768063   4.637729   6.331710   5.484720
46  Proposed     20         4   5.768063   4.637729   6.331710   5.484720
58  Proposed     20         5   6.051407   4.637729   6.331710   5.484720
11  Proposed     25         1   3.784659   2.617506   3.672719   3.145112
23  Proposed     25         2   2.651285   2.617506   3.672719   3.145112
35  Proposed     25         3   3.298927   2.617506   3.672719   3.145112
47  Proposed     25         4   2.975106   2.617506   3.672719   3.145112
59  Proposed     25         5   3.015584   2.617506   3.672719   3.145112

ia-crime-moreno
        type  noise iteration   accuracy   ci_lower   ci_upper    avg acc
0   Original      0         1  85.162847  83.519016  86.275918  84.897467
12  Original      0         2  83.835947  83.519016  86.275918  84.897467
24  Original      0         3  83.835947  83.519016  86.275918  84.897467
36  Original      0         4  86.489747  83.519016  86.275918  84.897467
48  Original      0         5  85.162847  83.519016  86.275918  84.897467
1   Original      5         1  52.352232  48.267217  64.012638  56.139928
13  Original      5         2  54.644150  48.267217  64.012638  56.139928
25  Original      5         3  65.862485  48.267217  64.012638  56.139928
37  Original      5         4  49.457177  48.267217  64.012638  56.139928
49  Original      5         5  58.383595  48.267217  64.012638  56.139928
2   Original     10         1  34.861279  27.704695  36.131252  31.917973
14  Original     10         2  30.639324  27.704695  36.131252  31.917973
26  Original     10         3  36.067551  27.704695  36.131252  31.917973
38  Original     10         4  29.915561  27.704695  36.131252  31.917973
50  Original     10         5  28.106152  27.704695  36.131252  31.917973
3   Original     15         1  22.195416  16.066709  24.898309  20.482509
15  Original     15         2  25.572979  16.066709  24.898309  20.482509
27  Original     15         3  20.265380  16.066709  24.898309  20.482509
39  Original     15         4  17.249698  16.066709  24.898309  20.482509
51  Original     15         5  17.129071  16.066709  24.898309  20.482509
4   Original     20         1   9.529554   7.622032  11.244072   9.433052
16  Original     20         2   9.650181   7.622032  11.244072   9.433052
28  Original     20         3   7.237636   7.622032  11.244072   9.433052
40  Original     20         4  11.338963   7.622032  11.244072   9.433052
52  Original     20         5   9.408926   7.622032  11.244072   9.433052
5   Original     25         1   5.066345   4.863524   8.646729   6.755127
17  Original     25         2   8.685163   4.863524   8.646729   6.755127
29  Original     25         3   6.875754   4.863524   8.646729   6.755127
41  Original     25         4   7.720145   4.863524   8.646729   6.755127
53  Original     25         5   5.428227   4.863524   8.646729   6.755127
6   Proposed      0         1  86.007238  83.843615  86.337326  85.090470
18  Proposed      0         2  83.715320  83.843615  86.337326  85.090470
30  Proposed      0         3  84.439083  83.843615  86.337326  85.090470
42  Proposed      0         4  86.007238  83.843615  86.337326  85.090470
54  Proposed      0         5  85.283474  83.843615  86.337326  85.090470
7   Proposed      5         1  55.126659  49.564978  63.824649  56.694813
19  Proposed      5         2  53.558504  49.564978  63.824649  56.694813
31  Proposed      5         3  65.983112  49.564978  63.824649  56.694813
43  Proposed      5         4  51.025332  49.564978  63.824649  56.694813
55  Proposed      5         5  57.780458  49.564978  63.824649  56.694813
8   Proposed     10         1  34.137515  23.337403  36.590221  29.963812
20  Proposed     10         2  31.483715  23.337403  36.590221  29.963812
32  Proposed     10         3  35.223160  23.337403  36.590221  29.963812
44  Proposed     10         4  26.296743  23.337403  36.590221  29.963812
56  Proposed     10         5  22.677925  23.337403  36.590221  29.963812
9   Proposed     15         1  18.455971  15.834182  23.297302  19.565742
21  Proposed     15         2  23.884198  15.834182  23.297302  19.565742
33  Proposed     15         3  21.351025  15.834182  23.297302  19.565742
45  Proposed     15         4  16.525935  15.834182  23.297302  19.565742
57  Proposed     15         5  17.611580  15.834182  23.297302  19.565742
10  Proposed     20         1   9.288299   5.371042  10.600008   7.985525
22  Proposed     20         2   7.720145   5.371042  10.600008   7.985525
34  Proposed     20         3   5.307600   5.371042  10.600008   7.985525
46  Proposed     20         4  10.735826   5.371042  10.600008   7.985525
58  Proposed     20         5   6.875754   5.371042  10.600008   7.985525
11  Proposed     25         1   4.342581   4.453210   5.920734   5.186972
23  Proposed     25         2   5.548854   4.453210   5.920734   5.186972
35  Proposed     25         3   5.428227   4.453210   5.920734   5.186972
47  Proposed     25         4   5.790109   4.453210   5.920734   5.186972
59  Proposed     25         5   4.825090   4.453210   5.920734   5.186972

power-685-bus
        type  noise iteration   accuracy   ci_lower   ci_upper    avg acc
0   Original      0         1  76.350365  75.996912  76.645424  76.321168
12  Original      0         2  76.350365  75.996912  76.645424  76.321168
24  Original      0         3  76.350365  75.996912  76.645424  76.321168
36  Original      0         4  76.642336  75.996912  76.645424  76.321168
48  Original      0         5  75.912409  75.996912  76.645424  76.321168
1   Original      5         1  33.722628  30.573384  38.214937  34.394161
13  Original      5         2  30.364964  30.573384  38.214937  34.394161
25  Original      5         3  34.160584  30.573384  38.214937  34.394161
37  Original      5         4  34.744526  30.573384  38.214937  34.394161
49  Original      5         5  38.978102  30.573384  38.214937  34.394161
2   Original     10         1   9.635036  10.177946  17.851252  14.014599
14  Original     10         2  12.554745  10.177946  17.851252  14.014599
26  Original     10         3  14.598540  10.177946  17.851252  14.014599
38  Original     10         4  15.474453  10.177946  17.851252  14.014599
50  Original     10         5  17.810219  10.177946  17.851252  14.014599
3   Original     15         1   3.795620   2.214401   6.311146   4.262774
15  Original     15         2   6.861314   2.214401   6.311146   4.262774
27  Original     15         3   2.481752   2.214401   6.311146   4.262774
39  Original     15         4   4.671533   2.214401   6.311146   4.262774
51  Original     15         5   3.503650   2.214401   6.311146   4.262774
4   Original     20         1   3.357664   1.849450   3.697995   2.773723
16  Original     20         2   3.649635   1.849450   3.697995   2.773723
28  Original     20         3   2.773723   1.849450   3.697995   2.773723
40  Original     20         4   1.897810   1.849450   3.697995   2.773723
52  Original     20         5   2.189781   1.849450   3.697995   2.773723
5   Original     25         1   1.459854   0.672141   2.013990   1.343066
17  Original     25         2   2.043796   0.672141   2.013990   1.343066
29  Original     25         3   0.729927   0.672141   2.013990   1.343066
41  Original     25         4   0.875912   0.672141   2.013990   1.343066
53  Original     25         5   1.605839   0.672141   2.013990   1.343066
6   Proposed      0         1  86.715328  86.050629  88.898276  87.474453
18  Proposed      0         2  88.029197  86.050629  88.898276  87.474453
30  Proposed      0         3  85.839416  86.050629  88.898276  87.474453
42  Proposed      0         4  88.467153  86.050629  88.898276  87.474453
54  Proposed      0         5  88.321168  86.050629  88.898276  87.474453
7   Proposed      5         1  43.649635  40.521643  49.872518  45.197080
19  Proposed      5         2  39.416058  40.521643  49.872518  45.197080
31  Proposed      5         3  46.861314  40.521643  49.872518  45.197080
43  Proposed      5         4  47.007299  40.521643  49.872518  45.197080
55  Proposed      5         5  49.051095  40.521643  49.872518  45.197080
8   Proposed     10         1  11.532847  12.259898  20.324044  16.291971
20  Proposed     10         2  14.744526  12.259898  20.324044  16.291971
32  Proposed     10         3  17.664234  12.259898  20.324044  16.291971
44  Proposed     10         4  17.518248  12.259898  20.324044  16.291971
56  Proposed     10         5  20.000000  12.259898  20.324044  16.291971
9   Proposed     15         1   3.941606   3.378991   8.825388   6.102190
21  Proposed     15         2   7.737226   3.378991   8.825388   6.102190
33  Proposed     15         3   4.525547   3.378991   8.825388   6.102190
45  Proposed     15         4   9.051095   3.378991   8.825388   6.102190
57  Proposed     15         5   5.255474   3.378991   8.825388   6.102190
10  Proposed     20         1   2.773723   2.533507   3.539486   3.036496
22  Proposed     20         2   3.649635   2.533507   3.539486   3.036496
34  Proposed     20         3   2.919708   2.533507   3.539486   3.036496
46  Proposed     20         4   3.211679   2.533507   3.539486   3.036496
58  Proposed     20         5   2.627737   2.533507   3.539486   3.036496
11  Proposed     25         1   2.481752   1.102607   2.342649   1.722628
23  Proposed     25         2   1.897810   1.102607   2.342649   1.722628
35  Proposed     25         3   1.167883   1.102607   2.342649   1.722628
47  Proposed     25         4   1.459854   1.102607   2.342649   1.722628
59  Proposed     25         5   1.605839   1.102607   2.342649   1.722628

socfb-Bowdoin47
        type  noise iteration   accuracy   ci_lower   ci_upper    avg acc
0   Original      0         1  99.777975  99.703477  99.887997  99.795737
12  Original      0         2  99.911190  99.703477  99.887997  99.795737
24  Original      0         3  99.733570  99.703477  99.887997  99.795737
36  Original      0         4  99.822380  99.703477  99.887997  99.795737
48  Original      0         5  99.733570  99.703477  99.887997  99.795737
1   Original      5         1  24.555950  23.590178  27.084778  25.337478
13  Original      5         2  23.490231  23.590178  27.084778  25.337478
25  Original      5         3  26.465364  23.590178  27.084778  25.337478
37  Original      5         4  25.222025  23.590178  27.084778  25.337478
49  Original      5         5  26.953819  23.590178  27.084778  25.337478
2   Original     10         1   8.348135   6.769970   8.167863   7.468917
14  Original     10         2   7.149201   6.769970   8.167863   7.468917
26  Original     10         3   7.682060   6.769970   8.167863   7.468917
38  Original     10         4   6.927176   6.769970   8.167863   7.468917
50  Original     10         5   7.238011   6.769970   8.167863   7.468917
3   Original     15         1   3.507993   2.358167   3.396717   2.877442
15  Original     15         2   2.930728   2.358167   3.396717   2.877442
27  Original     15         3   2.619893   2.358167   3.396717   2.877442
39  Original     15         4   2.397869   2.358167   3.396717   2.877442
51  Original     15         5   2.930728   2.358167   3.396717   2.877442
4   Original     20         1   1.287744   1.047938   1.349931   1.198934
16  Original     20         2   1.021314   1.047938   1.349931   1.198934
28  Original     20         3   1.198934   1.047938   1.349931   1.198934
40  Original     20         4   1.332149   1.047938   1.349931   1.198934
52  Original     20         5   1.154529   1.047938   1.349931   1.198934
5   Original     25         1   0.754885   0.442234   0.872154   0.657194
17  Original     25         2   0.399645   0.442234   0.872154   0.657194
29  Original     25         3   0.577265   0.442234   0.872154   0.657194
41  Original     25         4   0.710480   0.442234   0.872154   0.657194
53  Original     25         5   0.843694   0.442234   0.872154   0.657194
6   Proposed      0         1  99.777975  99.722839  99.833111  99.777975
18  Proposed      0         2  99.822380  99.722839  99.833111  99.777975
30  Proposed      0         3  99.733570  99.722839  99.833111  99.777975
42  Proposed      0         4  99.822380  99.722839  99.833111  99.777975
54  Proposed      0         5  99.733570  99.722839  99.833111  99.777975
7   Proposed      5         1  38.410302  36.318067  40.626871  38.472469
19  Proposed      5         2  36.190053  36.318067  40.626871  38.472469
31  Proposed      5         3  40.053286  36.318067  40.626871  38.472469
43  Proposed      5         4  37.433393  36.318067  40.626871  38.472469
55  Proposed      5         5  40.275311  36.318067  40.626871  38.472469
8   Proposed     10         1  10.968028   9.966245  11.454714  10.710480
20  Proposed     10         2  10.612789   9.966245  11.454714  10.710480
32  Proposed     10         3  11.278863   9.966245  11.454714  10.710480
44  Proposed     10         4  10.968028   9.966245  11.454714  10.710480
56  Proposed     10         5   9.724689   9.966245  11.454714  10.710480
9   Proposed     15         1   4.307282   3.238558   4.274764   3.756661
21  Proposed     15         2   3.197158   3.238558   4.274764   3.756661
33  Proposed     15         3   3.952043   3.238558   4.274764   3.756661
45  Proposed     15         4   3.774423   3.238558   4.274764   3.756661
57  Proposed     15         5   3.552398   3.238558   4.274764   3.756661
10  Proposed     20         1   0.976909   0.897174   1.891459   1.394316
22  Proposed     20         2   1.776199   0.897174   1.891459   1.394316
34  Proposed     20         3   1.376554   0.897174   1.891459   1.394316
46  Proposed     20         4   1.021314   0.897174   1.891459   1.394316
58  Proposed     20         5   1.820604   0.897174   1.891459   1.394316
11  Proposed     25         1   0.888099   0.575386   0.969907   0.772647
23  Proposed     25         2   0.710480   0.575386   0.969907   0.772647
35  Proposed     25         3   0.976909   0.575386   0.969907   0.772647
47  Proposed     25         4   0.710480   0.575386   0.969907   0.772647
59  Proposed     25         5   0.577265   0.575386   0.969907   0.772647

bio-yeast
        type  noise iteration   accuracy   ci_lower   ci_upper    avg acc
0   Original      0         1  58.504801  58.075337  58.632482  58.353909
12  Original      0         2  58.230453  58.075337  58.632482  58.353909
24  Original      0         3  58.024691  58.075337  58.632482  58.353909
36  Original      0         4  58.573388  58.075337  58.632482  58.353909
48  Original      0         5  58.436214  58.075337  58.632482  58.353909
1   Original      5         1  45.816187  42.109159  48.151472  45.130316
13  Original      5         2  49.108368  42.109159  48.151472  45.130316
25  Original      5         3  43.689986  42.109159  48.151472  45.130316
37  Original      5         4  43.758573  42.109159  48.151472  45.130316
49  Original      5         5  43.278464  42.109159  48.151472  45.130316
2   Original     10         1  35.253772  33.001465  36.710469  34.855967
14  Original     10         2  34.842250  33.001465  36.710469  34.855967
26  Original     10         3  32.373114  33.001465  36.710469  34.855967
38  Original     10         4  36.351166  33.001465  36.710469  34.855967
50  Original     10         5  35.459534  33.001465  36.710469  34.855967
3   Original     15         1  24.485597  22.022420  26.564685  24.293553
15  Original     15         2  25.925926  22.022420  26.564685  24.293553
27  Original     15         3  25.514403  22.022420  26.564685  24.293553
39  Original     15         4  21.262003  22.022420  26.564685  24.293553
51  Original     15         5  24.279835  22.022420  26.564685  24.293553
4   Original     20         1  19.341564  15.077252  20.149085  17.613169
16  Original     20         2  14.403292  15.077252  20.149085  17.613169
28  Original     20         3  18.998628  15.077252  20.149085  17.613169
40  Original     20         4  16.803841  15.077252  20.149085  17.613169
52  Original     20         5  18.518519  15.077252  20.149085  17.613169
5   Original     25         1  13.237311  12.318592  15.637512  13.978052
17  Original     25         2  13.443073  12.318592  15.637512  13.978052
29  Original     25         3  15.020576  12.318592  15.637512  13.978052
41  Original     25         4  12.482853  12.318592  15.637512  13.978052
53  Original     25         5  15.706447  12.318592  15.637512  13.978052
6   Proposed      0         1  58.984911  58.603525  59.256558  58.930041
18  Proposed      0         2  59.259259  58.603525  59.256558  58.930041
30  Proposed      0         3  58.573388  58.603525  59.256558  58.930041
42  Proposed      0         4  59.053498  58.603525  59.256558  58.930041
54  Proposed      0         5  58.779150  58.603525  59.256558  58.930041
7   Proposed      5         1  43.278464  41.788284  46.716517  44.252401
19  Proposed      5         2  47.668038  41.788284  46.716517  44.252401
31  Proposed      5         3  42.729767  41.788284  46.716517  44.252401
43  Proposed      5         4  43.347051  41.788284  46.716517  44.252401
55  Proposed      5         5  44.238683  41.788284  46.716517  44.252401
8   Proposed     10         1  29.561043  28.464205  32.715493  30.589849
20  Proposed     10         2  31.207133  28.464205  32.715493  30.589849
32  Proposed     10         3  29.286694  28.464205  32.715493  30.589849
44  Proposed     10         4  33.333333  28.464205  32.715493  30.589849
56  Proposed     10         5  29.561043  28.464205  32.715493  30.589849
9   Proposed     15         1  20.438957  19.013862  23.043751  21.028807
21  Proposed     15         2  22.633745  19.013862  23.043751  21.028807
33  Proposed     15         3  22.839506  19.013862  23.043751  21.028807
45  Proposed     15         4  19.204390  19.013862  23.043751  21.028807
57  Proposed     15         5  20.027435  19.013862  23.043751  21.028807
10  Proposed     20         1  16.735254  11.533031  15.929246  13.731139
22  Proposed     20         2  12.894376  11.533031  15.929246  13.731139
34  Proposed     20         3  13.786008  11.533031  15.929246  13.731139
46  Proposed     20         4  12.208505  11.533031  15.929246  13.731139
58  Proposed     20         5  13.031550  11.533031  15.929246  13.731139
11  Proposed     25         1   9.396433   9.155397  13.149129  11.152263
23  Proposed     25         2  12.894376   9.155397  13.149129  11.152263
35  Proposed     25         3  11.385460   9.155397  13.149129  11.152263
47  Proposed     25         4   9.602195   9.155397  13.149129  11.152263
59  Proposed     25         5  12.482853   9.155397  13.149129  11.152263

DD_g501
        type  noise iteration   accuracy   ci_lower   ci_upper    avg acc
0   Original      0         1  84.382284  84.753363  88.113769  86.433566
12  Original      0         2  85.780886  84.753363  88.113769  86.433566
24  Original      0         3  87.412587  84.753363  88.113769  86.433566
36  Original      0         4  87.645688  84.753363  88.113769  86.433566
48  Original      0         5  86.946387  84.753363  88.113769  86.433566
1   Original      5         1  26.573427  23.781668  43.817400  33.799534
13  Original      5         2  34.498834  23.781668  43.817400  33.799534
25  Original      5         3  39.160839  23.781668  43.817400  33.799534
37  Original      5         4  43.822844  23.781668  43.817400  33.799534
49  Original      5         5  24.941725  23.781668  43.817400  33.799534
2   Original     10         1  14.918415   8.182337  18.670810  13.426573
14  Original     10         2  16.783217   8.182337  18.670810  13.426573
26  Original     10         3  14.219114   8.182337  18.670810  13.426573
38  Original     10         4  15.151515   8.182337  18.670810  13.426573
50  Original     10         5   6.060606   8.182337  18.670810  13.426573
3   Original     15         1   5.827506   3.443822   8.117950   5.780886
15  Original     15         2   3.962704   3.443822   8.117950   5.780886
27  Original     15         3   4.195804   3.443822   8.117950   5.780886
39  Original     15         4   6.293706   3.443822   8.117950   5.780886
51  Original     15         5   8.624709   3.443822   8.117950   5.780886
4   Original     20         1   1.165501   1.146067   2.863257   2.004662
16  Original     20         2   2.331002   1.146067   2.863257   2.004662
28  Original     20         3   2.797203   1.146067   2.863257   2.004662
40  Original     20         4   2.331002   1.146067   2.863257   2.004662
52  Original     20         5   1.398601   1.146067   2.863257   2.004662
5   Original     25         1   0.233100  -0.557930   2.236252   0.839161
17  Original     25         2   0.699301  -0.557930   2.236252   0.839161
29  Original     25         3   0.466200  -0.557930   2.236252   0.839161
41  Original     25         4   2.797203  -0.557930   2.236252   0.839161
53  Original     25         5   0.000000  -0.557930   2.236252   0.839161
6   Proposed      0         1  98.135198  97.186998  98.803678  97.995338
18  Proposed      0         2  97.435897  97.186998  98.803678  97.995338
30  Proposed      0         3  97.668998  97.186998  98.803678  97.995338
42  Proposed      0         4  99.067599  97.186998  98.803678  97.995338
54  Proposed      0         5  97.668998  97.186998  98.803678  97.995338
7   Proposed      5         1  38.694639  38.105783  57.465312  47.785548
19  Proposed      5         2  55.011655  38.105783  57.465312  47.785548
31  Proposed      5         3  45.920746  38.105783  57.465312  47.785548
43  Proposed      5         4  56.643357  38.105783  57.465312  47.785548
55  Proposed      5         5  42.657343  38.105783  57.465312  47.785548
8   Proposed     10         1  20.512821  14.750807  27.580196  21.165501
20  Proposed     10         2  25.174825  14.750807  27.580196  21.165501
32  Proposed     10         3  20.979021  14.750807  27.580196  21.165501
44  Proposed     10         4  26.107226  14.750807  27.580196  21.165501
56  Proposed     10         5  13.053613  14.750807  27.580196  21.165501
9   Proposed     15         1   8.624709   8.065719  11.514701   9.790210
21  Proposed     15         2   8.857809   8.065719  11.514701   9.790210
33  Proposed     15         3   9.790210   8.065719  11.514701   9.790210
45  Proposed     15         4   9.557110   8.065719  11.514701   9.790210
57  Proposed     15         5  12.121212   8.065719  11.514701   9.790210
10  Proposed     20         1   5.128205   2.356706   5.102501   3.729604
22  Proposed     20         2   2.331002   2.356706   5.102501   3.729604
34  Proposed     20         3   4.428904   2.356706   5.102501   3.729604
46  Proposed     20         4   3.030303   2.356706   5.102501   3.729604
58  Proposed     20         5   3.729604   2.356706   5.102501   3.729604
11  Proposed     25         1   2.331002   1.294372   3.274393   2.284382
23  Proposed     25         2   3.030303   1.294372   3.274393   2.284382
35  Proposed     25         3   0.932401   1.294372   3.274393   2.284382
47  Proposed     25         4   2.564103   1.294372   3.274393   2.284382
59  Proposed     25         5   2.564103   1.294372   3.274393   2.284382